   1.0000000000000000        0.0000000000000000        0.0000000000000000        5.2658979682244358E-004
  -1.0000000000000000        0.0000000000000000        0.0000000000000000        5.2658979682244358E-004
   0.0000000000000000        1.0000000000000000        0.0000000000000000        5.2658979682244358E-004
   0.0000000000000000       -1.0000000000000000        0.0000000000000000        5.2658979682244358E-004
   0.0000000000000000        0.0000000000000000        1.0000000000000000        5.2658979682244358E-004
   0.0000000000000000        0.0000000000000000       -1.0000000000000000        5.2658979682244358E-004
   0.0000000000000000       0.70710678118654757       0.70710678118654757        2.5482199720026069E-003
   0.0000000000000000      -0.70710678118654757       0.70710678118654757        2.5482199720026069E-003
   0.0000000000000000       0.70710678118654757      -0.70710678118654757        2.5482199720026069E-003
   0.0000000000000000      -0.70710678118654757      -0.70710678118654757        2.5482199720026069E-003
  0.70710678118654757        0.0000000000000000       0.70710678118654757        2.5482199720026069E-003
 -0.70710678118654757        0.0000000000000000       0.70710678118654757        2.5482199720026069E-003
  0.70710678118654757        0.0000000000000000      -0.70710678118654757        2.5482199720026069E-003
 -0.70710678118654757        0.0000000000000000      -0.70710678118654757        2.5482199720026069E-003
  0.70710678118654757       0.70710678118654757        0.0000000000000000        2.5482199720026069E-003
 -0.70710678118654757       0.70710678118654757        0.0000000000000000        2.5482199720026069E-003
  0.70710678118654757      -0.70710678118654757        0.0000000000000000        2.5482199720026069E-003
 -0.70710678118654757      -0.70710678118654757        0.0000000000000000        2.5482199720026069E-003
  0.57735026918962573       0.57735026918962573       0.57735026918962573        2.5123174189273069E-003
 -0.57735026918962573       0.57735026918962573       0.57735026918962573        2.5123174189273069E-003
  0.57735026918962573      -0.57735026918962573       0.57735026918962573        2.5123174189273069E-003
 -0.57735026918962573      -0.57735026918962573       0.57735026918962573        2.5123174189273069E-003
  0.57735026918962573       0.57735026918962573      -0.57735026918962573        2.5123174189273069E-003
 -0.57735026918962573       0.57735026918962573      -0.57735026918962573        2.5123174189273069E-003
  0.57735026918962573      -0.57735026918962573      -0.57735026918962573        2.5123174189273069E-003
 -0.57735026918962573      -0.57735026918962573      -0.57735026918962573        2.5123174189273069E-003
  0.69093463075091111       0.69093463075091111       0.21264682470755186        2.5304038011863552E-003
 -0.69093463075091111       0.69093463075091111       0.21264682470755186        2.5304038011863552E-003
  0.69093463075091111      -0.69093463075091111       0.21264682470755186        2.5304038011863552E-003
 -0.69093463075091111      -0.69093463075091111       0.21264682470755186        2.5304038011863552E-003
  0.69093463075091111       0.69093463075091111      -0.21264682470755186        2.5304038011863552E-003
 -0.69093463075091111       0.69093463075091111      -0.21264682470755186        2.5304038011863552E-003
  0.69093463075091111      -0.69093463075091111      -0.21264682470755186        2.5304038011863552E-003
 -0.69093463075091111      -0.69093463075091111      -0.21264682470755186        2.5304038011863552E-003
  0.69093463075091111       0.21264682470755186       0.69093463075091111        2.5304038011863552E-003
 -0.69093463075091111       0.21264682470755186       0.69093463075091111        2.5304038011863552E-003
  0.69093463075091111      -0.21264682470755186       0.69093463075091111        2.5304038011863552E-003
 -0.69093463075091111      -0.21264682470755186       0.69093463075091111        2.5304038011863552E-003
  0.69093463075091111       0.21264682470755186      -0.69093463075091111        2.5304038011863552E-003
 -0.69093463075091111       0.21264682470755186      -0.69093463075091111        2.5304038011863552E-003
  0.69093463075091111      -0.21264682470755186      -0.69093463075091111        2.5304038011863552E-003
 -0.69093463075091111      -0.21264682470755186      -0.69093463075091111        2.5304038011863552E-003
  0.21264682470755186       0.69093463075091111       0.69093463075091111        2.5304038011863552E-003
 -0.21264682470755186       0.69093463075091111       0.69093463075091111        2.5304038011863552E-003
  0.21264682470755186      -0.69093463075091111       0.69093463075091111        2.5304038011863552E-003
 -0.21264682470755186      -0.69093463075091111       0.69093463075091111        2.5304038011863552E-003
  0.21264682470755186       0.69093463075091111      -0.69093463075091111        2.5304038011863552E-003
 -0.21264682470755186       0.69093463075091111      -0.69093463075091111        2.5304038011863552E-003
  0.21264682470755186      -0.69093463075091111      -0.69093463075091111        2.5304038011863552E-003
 -0.21264682470755186      -0.69093463075091111      -0.69093463075091111        2.5304038011863552E-003
  0.17748360546091579       0.17748360546091579       0.96798715879147279        2.0142790209185281E-003
 -0.17748360546091579       0.17748360546091579       0.96798715879147279        2.0142790209185281E-003
  0.17748360546091579      -0.17748360546091579       0.96798715879147279        2.0142790209185281E-003
 -0.17748360546091579      -0.17748360546091579       0.96798715879147279        2.0142790209185281E-003
  0.17748360546091579       0.17748360546091579      -0.96798715879147279        2.0142790209185281E-003
 -0.17748360546091579       0.17748360546091579      -0.96798715879147279        2.0142790209185281E-003
  0.17748360546091579      -0.17748360546091579      -0.96798715879147279        2.0142790209185281E-003
 -0.17748360546091579      -0.17748360546091579      -0.96798715879147279        2.0142790209185281E-003
  0.17748360546091579       0.96798715879147279       0.17748360546091579        2.0142790209185281E-003
 -0.17748360546091579       0.96798715879147279       0.17748360546091579        2.0142790209185281E-003
  0.17748360546091579      -0.96798715879147279       0.17748360546091579        2.0142790209185281E-003
 -0.17748360546091579      -0.96798715879147279       0.17748360546091579        2.0142790209185281E-003
  0.17748360546091579       0.96798715879147279      -0.17748360546091579        2.0142790209185281E-003
 -0.17748360546091579       0.96798715879147279      -0.17748360546091579        2.0142790209185281E-003
  0.17748360546091579      -0.96798715879147279      -0.17748360546091579        2.0142790209185281E-003
 -0.17748360546091579      -0.96798715879147279      -0.17748360546091579        2.0142790209185281E-003
  0.96798715879147279       0.17748360546091579       0.17748360546091579        2.0142790209185281E-003
 -0.96798715879147279       0.17748360546091579       0.17748360546091579        2.0142790209185281E-003
  0.96798715879147279      -0.17748360546091579       0.17748360546091579        2.0142790209185281E-003
 -0.96798715879147279      -0.17748360546091579       0.17748360546091579        2.0142790209185281E-003
  0.96798715879147279       0.17748360546091579      -0.17748360546091579        2.0142790209185281E-003
 -0.96798715879147279       0.17748360546091579      -0.17748360546091579        2.0142790209185281E-003
  0.96798715879147279      -0.17748360546091579      -0.17748360546091579        2.0142790209185281E-003
 -0.96798715879147279      -0.17748360546091579      -0.17748360546091579        2.0142790209185281E-003
  0.49143426377847460       0.49143426377847460       0.71901650104084347        2.5017251684029359E-003
 -0.49143426377847460       0.49143426377847460       0.71901650104084347        2.5017251684029359E-003
  0.49143426377847460      -0.49143426377847460       0.71901650104084347        2.5017251684029359E-003
 -0.49143426377847460      -0.49143426377847460       0.71901650104084347        2.5017251684029359E-003
  0.49143426377847460       0.49143426377847460      -0.71901650104084347        2.5017251684029359E-003
 -0.49143426377847460       0.49143426377847460      -0.71901650104084347        2.5017251684029359E-003
  0.49143426377847460      -0.49143426377847460      -0.71901650104084347        2.5017251684029359E-003
 -0.49143426377847460      -0.49143426377847460      -0.71901650104084347        2.5017251684029359E-003
  0.49143426377847460       0.71901650104084347       0.49143426377847460        2.5017251684029359E-003
 -0.49143426377847460       0.71901650104084347       0.49143426377847460        2.5017251684029359E-003
  0.49143426377847460      -0.71901650104084347       0.49143426377847460        2.5017251684029359E-003
 -0.49143426377847460      -0.71901650104084347       0.49143426377847460        2.5017251684029359E-003
  0.49143426377847460       0.71901650104084347      -0.49143426377847460        2.5017251684029359E-003
 -0.49143426377847460       0.71901650104084347      -0.49143426377847460        2.5017251684029359E-003
  0.49143426377847460      -0.71901650104084347      -0.49143426377847460        2.5017251684029359E-003
 -0.49143426377847460      -0.71901650104084347      -0.49143426377847460        2.5017251684029359E-003
  0.71901650104084347       0.49143426377847460       0.49143426377847460        2.5017251684029359E-003
 -0.71901650104084347       0.49143426377847460       0.49143426377847460        2.5017251684029359E-003
  0.71901650104084347      -0.49143426377847460       0.49143426377847460        2.5017251684029359E-003
 -0.71901650104084347      -0.49143426377847460       0.49143426377847460        2.5017251684029359E-003
  0.71901650104084347       0.49143426377847460      -0.49143426377847460        2.5017251684029359E-003
 -0.71901650104084347       0.49143426377847460      -0.49143426377847460        2.5017251684029359E-003
  0.71901650104084347      -0.49143426377847460      -0.49143426377847460        2.5017251684029359E-003
 -0.71901650104084347      -0.49143426377847460      -0.49143426377847460        2.5017251684029359E-003
  0.64566647074242556       0.64566647074242556       0.40771266489776975        2.5132671745975639E-003
 -0.64566647074242556       0.64566647074242556       0.40771266489776975        2.5132671745975639E-003
  0.64566647074242556      -0.64566647074242556       0.40771266489776975        2.5132671745975639E-003
 -0.64566647074242556      -0.64566647074242556       0.40771266489776975        2.5132671745975639E-003
  0.64566647074242556       0.64566647074242556      -0.40771266489776975        2.5132671745975639E-003
 -0.64566647074242556       0.64566647074242556      -0.40771266489776975        2.5132671745975639E-003
  0.64566647074242556      -0.64566647074242556      -0.40771266489776975        2.5132671745975639E-003
 -0.64566647074242556      -0.64566647074242556      -0.40771266489776975        2.5132671745975639E-003
  0.64566647074242556       0.40771266489776975       0.64566647074242556        2.5132671745975639E-003
 -0.64566647074242556       0.40771266489776975       0.64566647074242556        2.5132671745975639E-003
  0.64566647074242556      -0.40771266489776975       0.64566647074242556        2.5132671745975639E-003
 -0.64566647074242556      -0.40771266489776975       0.64566647074242556        2.5132671745975639E-003
  0.64566647074242556       0.40771266489776975      -0.64566647074242556        2.5132671745975639E-003
 -0.64566647074242556       0.40771266489776975      -0.64566647074242556        2.5132671745975639E-003
  0.64566647074242556      -0.40771266489776975      -0.64566647074242556        2.5132671745975639E-003
 -0.64566647074242556      -0.40771266489776975      -0.64566647074242556        2.5132671745975639E-003
  0.40771266489776975       0.64566647074242556       0.64566647074242556        2.5132671745975639E-003
 -0.40771266489776975       0.64566647074242556       0.64566647074242556        2.5132671745975639E-003
  0.40771266489776975      -0.64566647074242556       0.64566647074242556        2.5132671745975639E-003
 -0.40771266489776975      -0.64566647074242556       0.64566647074242556        2.5132671745975639E-003
  0.40771266489776975       0.64566647074242556      -0.64566647074242556        2.5132671745975639E-003
 -0.40771266489776975       0.64566647074242556      -0.64566647074242556        2.5132671745975639E-003
  0.40771266489776975      -0.64566647074242556      -0.64566647074242556        2.5132671745975639E-003
 -0.40771266489776975      -0.64566647074242556      -0.64566647074242556        2.5132671745975639E-003
  0.28612890103076383       0.28612890103076383       0.91447280112087248        2.3026947822274162E-003
 -0.28612890103076383       0.28612890103076383       0.91447280112087248        2.3026947822274162E-003
  0.28612890103076383      -0.28612890103076383       0.91447280112087248        2.3026947822274162E-003
 -0.28612890103076383      -0.28612890103076383       0.91447280112087248        2.3026947822274162E-003
  0.28612890103076383       0.28612890103076383      -0.91447280112087248        2.3026947822274162E-003
 -0.28612890103076383       0.28612890103076383      -0.91447280112087248        2.3026947822274162E-003
  0.28612890103076383      -0.28612890103076383      -0.91447280112087248        2.3026947822274162E-003
 -0.28612890103076383      -0.28612890103076383      -0.91447280112087248        2.3026947822274162E-003
  0.28612890103076383       0.91447280112087248       0.28612890103076383        2.3026947822274162E-003
 -0.28612890103076383       0.91447280112087248       0.28612890103076383        2.3026947822274162E-003
  0.28612890103076383      -0.91447280112087248       0.28612890103076383        2.3026947822274162E-003
 -0.28612890103076383      -0.91447280112087248       0.28612890103076383        2.3026947822274162E-003
  0.28612890103076383       0.91447280112087248      -0.28612890103076383        2.3026947822274162E-003
 -0.28612890103076383       0.91447280112087248      -0.28612890103076383        2.3026947822274162E-003
  0.28612890103076383      -0.91447280112087248      -0.28612890103076383        2.3026947822274162E-003
 -0.28612890103076383      -0.91447280112087248      -0.28612890103076383        2.3026947822274162E-003
  0.91447280112087248       0.28612890103076383       0.28612890103076383        2.3026947822274162E-003
 -0.91447280112087248       0.28612890103076383       0.28612890103076383        2.3026947822274162E-003
  0.91447280112087248      -0.28612890103076383       0.28612890103076383        2.3026947822274162E-003
 -0.91447280112087248      -0.28612890103076383       0.28612890103076383        2.3026947822274162E-003
  0.91447280112087248       0.28612890103076383      -0.28612890103076383        2.3026947822274162E-003
 -0.91447280112087248       0.28612890103076383      -0.28612890103076383        2.3026947822274162E-003
  0.91447280112087248      -0.28612890103076383      -0.28612890103076383        2.3026947822274162E-003
 -0.91447280112087248      -0.28612890103076383      -0.28612890103076383        2.3026947822274162E-003
   7.5680843671780185E-002   7.5680843671780185E-002  0.99425591263127788        1.4624956215946140E-003
  -7.5680843671780185E-002   7.5680843671780185E-002  0.99425591263127788        1.4624956215946140E-003
   7.5680843671780185E-002  -7.5680843671780185E-002  0.99425591263127788        1.4624956215946140E-003
  -7.5680843671780185E-002  -7.5680843671780185E-002  0.99425591263127788        1.4624956215946140E-003
   7.5680843671780185E-002   7.5680843671780185E-002 -0.99425591263127788        1.4624956215946140E-003
  -7.5680843671780185E-002   7.5680843671780185E-002 -0.99425591263127788        1.4624956215946140E-003
   7.5680843671780185E-002  -7.5680843671780185E-002 -0.99425591263127788        1.4624956215946140E-003
  -7.5680843671780185E-002  -7.5680843671780185E-002 -0.99425591263127788        1.4624956215946140E-003
   7.5680843671780185E-002  0.99425591263127788        7.5680843671780185E-002   1.4624956215946140E-003
  -7.5680843671780185E-002  0.99425591263127788        7.5680843671780185E-002   1.4624956215946140E-003
   7.5680843671780185E-002 -0.99425591263127788        7.5680843671780185E-002   1.4624956215946140E-003
  -7.5680843671780185E-002 -0.99425591263127788        7.5680843671780185E-002   1.4624956215946140E-003
   7.5680843671780185E-002  0.99425591263127788       -7.5680843671780185E-002   1.4624956215946140E-003
  -7.5680843671780185E-002  0.99425591263127788       -7.5680843671780185E-002   1.4624956215946140E-003
   7.5680843671780185E-002 -0.99425591263127788       -7.5680843671780185E-002   1.4624956215946140E-003
  -7.5680843671780185E-002 -0.99425591263127788       -7.5680843671780185E-002   1.4624956215946140E-003
  0.99425591263127788        7.5680843671780185E-002   7.5680843671780185E-002   1.4624956215946140E-003
 -0.99425591263127788        7.5680843671780185E-002   7.5680843671780185E-002   1.4624956215946140E-003
  0.99425591263127788       -7.5680843671780185E-002   7.5680843671780185E-002   1.4624956215946140E-003
 -0.99425591263127788       -7.5680843671780185E-002   7.5680843671780185E-002   1.4624956215946140E-003
  0.99425591263127788        7.5680843671780185E-002  -7.5680843671780185E-002   1.4624956215946140E-003
 -0.99425591263127788        7.5680843671780185E-002  -7.5680843671780185E-002   1.4624956215946140E-003
  0.99425591263127788       -7.5680843671780185E-002  -7.5680843671780185E-002   1.4624956215946140E-003
 -0.99425591263127788       -7.5680843671780185E-002  -7.5680843671780185E-002   1.4624956215946140E-003
  0.39272597633680018       0.39272597633680018       0.83158440041923232        2.4453734373129799E-003
 -0.39272597633680018       0.39272597633680018       0.83158440041923232        2.4453734373129799E-003
  0.39272597633680018      -0.39272597633680018       0.83158440041923232        2.4453734373129799E-003
 -0.39272597633680018      -0.39272597633680018       0.83158440041923232        2.4453734373129799E-003
  0.39272597633680018       0.39272597633680018      -0.83158440041923232        2.4453734373129799E-003
 -0.39272597633680018       0.39272597633680018      -0.83158440041923232        2.4453734373129799E-003
  0.39272597633680018      -0.39272597633680018      -0.83158440041923232        2.4453734373129799E-003
 -0.39272597633680018      -0.39272597633680018      -0.83158440041923232        2.4453734373129799E-003
  0.39272597633680018       0.83158440041923232       0.39272597633680018        2.4453734373129799E-003
 -0.39272597633680018       0.83158440041923232       0.39272597633680018        2.4453734373129799E-003
  0.39272597633680018      -0.83158440041923232       0.39272597633680018        2.4453734373129799E-003
 -0.39272597633680018      -0.83158440041923232       0.39272597633680018        2.4453734373129799E-003
  0.39272597633680018       0.83158440041923232      -0.39272597633680018        2.4453734373129799E-003
 -0.39272597633680018       0.83158440041923232      -0.39272597633680018        2.4453734373129799E-003
  0.39272597633680018      -0.83158440041923232      -0.39272597633680018        2.4453734373129799E-003
 -0.39272597633680018      -0.83158440041923232      -0.39272597633680018        2.4453734373129799E-003
  0.83158440041923232       0.39272597633680018       0.39272597633680018        2.4453734373129799E-003
 -0.83158440041923232       0.39272597633680018       0.39272597633680018        2.4453734373129799E-003
  0.83158440041923232      -0.39272597633680018       0.39272597633680018        2.4453734373129799E-003
 -0.83158440041923232      -0.39272597633680018       0.39272597633680018        2.4453734373129799E-003
  0.83158440041923232       0.39272597633680018      -0.39272597633680018        2.4453734373129799E-003
 -0.83158440041923232       0.39272597633680018      -0.39272597633680018        2.4453734373129799E-003
  0.83158440041923232      -0.39272597633680018      -0.39272597633680018        2.4453734373129799E-003
 -0.83158440041923232      -0.39272597633680018      -0.39272597633680018        2.4453734373129799E-003
  0.88181328777942880       0.47159869115131597        0.0000000000000000        2.4174423756389810E-003
 -0.88181328777942880       0.47159869115131597        0.0000000000000000        2.4174423756389810E-003
  0.88181328777942880      -0.47159869115131597        0.0000000000000000        2.4174423756389810E-003
 -0.88181328777942880      -0.47159869115131597        0.0000000000000000        2.4174423756389810E-003
  0.47159869115131597       0.88181328777942880        0.0000000000000000        2.4174423756389810E-003
 -0.47159869115131597       0.88181328777942880        0.0000000000000000        2.4174423756389810E-003
  0.47159869115131597      -0.88181328777942880        0.0000000000000000        2.4174423756389810E-003
 -0.47159869115131597      -0.88181328777942880        0.0000000000000000        2.4174423756389810E-003
  0.88181328777942880        0.0000000000000000       0.47159869115131597        2.4174423756389810E-003
 -0.88181328777942880        0.0000000000000000       0.47159869115131597        2.4174423756389810E-003
  0.88181328777942880        0.0000000000000000      -0.47159869115131597        2.4174423756389810E-003
 -0.88181328777942880        0.0000000000000000      -0.47159869115131597        2.4174423756389810E-003
  0.47159869115131597        0.0000000000000000       0.88181328777942880        2.4174423756389810E-003
 -0.47159869115131597        0.0000000000000000       0.88181328777942880        2.4174423756389810E-003
  0.47159869115131597        0.0000000000000000      -0.88181328777942880        2.4174423756389810E-003
 -0.47159869115131597        0.0000000000000000      -0.88181328777942880        2.4174423756389810E-003
   0.0000000000000000       0.88181328777942880       0.47159869115131597        2.4174423756389810E-003
   0.0000000000000000      -0.88181328777942880       0.47159869115131597        2.4174423756389810E-003
   0.0000000000000000       0.88181328777942880      -0.47159869115131597        2.4174423756389810E-003
   0.0000000000000000      -0.88181328777942880      -0.47159869115131597        2.4174423756389810E-003
   0.0000000000000000       0.47159869115131597       0.88181328777942880        2.4174423756389810E-003
   0.0000000000000000      -0.47159869115131597       0.88181328777942880        2.4174423756389810E-003
   0.0000000000000000       0.47159869115131597      -0.88181328777942880        2.4174423756389810E-003
   0.0000000000000000      -0.47159869115131597      -0.88181328777942880        2.4174423756389810E-003
  0.97764281111826490       0.21027252285730680        0.0000000000000000        1.9109512821795321E-003
 -0.97764281111826490       0.21027252285730680        0.0000000000000000        1.9109512821795321E-003
  0.97764281111826490      -0.21027252285730680        0.0000000000000000        1.9109512821795321E-003
 -0.97764281111826490      -0.21027252285730680        0.0000000000000000        1.9109512821795321E-003
  0.21027252285730680       0.97764281111826490        0.0000000000000000        1.9109512821795321E-003
 -0.21027252285730680       0.97764281111826490        0.0000000000000000        1.9109512821795321E-003
  0.21027252285730680      -0.97764281111826490        0.0000000000000000        1.9109512821795321E-003
 -0.21027252285730680      -0.97764281111826490        0.0000000000000000        1.9109512821795321E-003
  0.97764281111826490        0.0000000000000000       0.21027252285730680        1.9109512821795321E-003
 -0.97764281111826490        0.0000000000000000       0.21027252285730680        1.9109512821795321E-003
  0.97764281111826490        0.0000000000000000      -0.21027252285730680        1.9109512821795321E-003
 -0.97764281111826490        0.0000000000000000      -0.21027252285730680        1.9109512821795321E-003
  0.21027252285730680        0.0000000000000000       0.97764281111826490        1.9109512821795321E-003
 -0.21027252285730680        0.0000000000000000       0.97764281111826490        1.9109512821795321E-003
  0.21027252285730680        0.0000000000000000      -0.97764281111826490        1.9109512821795321E-003
 -0.21027252285730680        0.0000000000000000      -0.97764281111826490        1.9109512821795321E-003
   0.0000000000000000       0.97764281111826490       0.21027252285730680        1.9109512821795321E-003
   0.0000000000000000      -0.97764281111826490       0.21027252285730680        1.9109512821795321E-003
   0.0000000000000000       0.97764281111826490      -0.21027252285730680        1.9109512821795321E-003
   0.0000000000000000      -0.97764281111826490      -0.21027252285730680        1.9109512821795321E-003
   0.0000000000000000       0.21027252285730680       0.97764281111826490        1.9109512821795321E-003
   0.0000000000000000      -0.21027252285730680       0.97764281111826490        1.9109512821795321E-003
   0.0000000000000000       0.21027252285730680      -0.97764281111826490        1.9109512821795321E-003
   0.0000000000000000      -0.21027252285730680      -0.97764281111826490        1.9109512821795321E-003
  0.20548236964030439       0.86894603228724121       0.45023303825826250        2.4169300443247750E-003
 -0.20548236964030439       0.86894603228724121       0.45023303825826250        2.4169300443247750E-003
  0.20548236964030439      -0.86894603228724121       0.45023303825826250        2.4169300443247750E-003
 -0.20548236964030439      -0.86894603228724121       0.45023303825826250        2.4169300443247750E-003
  0.20548236964030439       0.86894603228724121      -0.45023303825826250        2.4169300443247750E-003
 -0.20548236964030439       0.86894603228724121      -0.45023303825826250        2.4169300443247750E-003
  0.20548236964030439      -0.86894603228724121      -0.45023303825826250        2.4169300443247750E-003
 -0.20548236964030439      -0.86894603228724121      -0.45023303825826250        2.4169300443247750E-003
  0.20548236964030439       0.45023303825826250       0.86894603228724121        2.4169300443247750E-003
 -0.20548236964030439       0.45023303825826250       0.86894603228724121        2.4169300443247750E-003
  0.20548236964030439      -0.45023303825826250       0.86894603228724121        2.4169300443247750E-003
 -0.20548236964030439      -0.45023303825826250       0.86894603228724121        2.4169300443247750E-003
  0.20548236964030439       0.45023303825826250      -0.86894603228724121        2.4169300443247750E-003
 -0.20548236964030439       0.45023303825826250      -0.86894603228724121        2.4169300443247750E-003
  0.20548236964030439      -0.45023303825826250      -0.86894603228724121        2.4169300443247750E-003
 -0.20548236964030439      -0.45023303825826250      -0.86894603228724121        2.4169300443247750E-003
  0.86894603228724121       0.20548236964030439       0.45023303825826250        2.4169300443247750E-003
 -0.86894603228724121       0.20548236964030439       0.45023303825826250        2.4169300443247750E-003
  0.86894603228724121      -0.20548236964030439       0.45023303825826250        2.4169300443247750E-003
 -0.86894603228724121      -0.20548236964030439       0.45023303825826250        2.4169300443247750E-003
  0.86894603228724121       0.20548236964030439      -0.45023303825826250        2.4169300443247750E-003
 -0.86894603228724121       0.20548236964030439      -0.45023303825826250        2.4169300443247750E-003
  0.86894603228724121      -0.20548236964030439      -0.45023303825826250        2.4169300443247750E-003
 -0.86894603228724121      -0.20548236964030439      -0.45023303825826250        2.4169300443247750E-003
  0.86894603228724121       0.45023303825826250       0.20548236964030439        2.4169300443247750E-003
 -0.86894603228724121       0.45023303825826250       0.20548236964030439        2.4169300443247750E-003
  0.86894603228724121      -0.45023303825826250       0.20548236964030439        2.4169300443247750E-003
 -0.86894603228724121      -0.45023303825826250       0.20548236964030439        2.4169300443247750E-003
  0.86894603228724121       0.45023303825826250      -0.20548236964030439        2.4169300443247750E-003
 -0.86894603228724121       0.45023303825826250      -0.20548236964030439        2.4169300443247750E-003
  0.86894603228724121      -0.45023303825826250      -0.20548236964030439        2.4169300443247750E-003
 -0.86894603228724121      -0.45023303825826250      -0.20548236964030439        2.4169300443247750E-003
  0.45023303825826250       0.20548236964030439       0.86894603228724121        2.4169300443247750E-003
 -0.45023303825826250       0.20548236964030439       0.86894603228724121        2.4169300443247750E-003
  0.45023303825826250      -0.20548236964030439       0.86894603228724121        2.4169300443247750E-003
 -0.45023303825826250      -0.20548236964030439       0.86894603228724121        2.4169300443247750E-003
  0.45023303825826250       0.20548236964030439      -0.86894603228724121        2.4169300443247750E-003
 -0.45023303825826250       0.20548236964030439      -0.86894603228724121        2.4169300443247750E-003
  0.45023303825826250      -0.20548236964030439      -0.86894603228724121        2.4169300443247750E-003
 -0.45023303825826250      -0.20548236964030439      -0.86894603228724121        2.4169300443247750E-003
  0.45023303825826250       0.86894603228724121       0.20548236964030439        2.4169300443247750E-003
 -0.45023303825826250       0.86894603228724121       0.20548236964030439        2.4169300443247750E-003
  0.45023303825826250      -0.86894603228724121       0.20548236964030439        2.4169300443247750E-003
 -0.45023303825826250      -0.86894603228724121       0.20548236964030439        2.4169300443247750E-003
  0.45023303825826250       0.86894603228724121      -0.20548236964030439        2.4169300443247750E-003
 -0.45023303825826250       0.86894603228724121      -0.20548236964030439        2.4169300443247750E-003
  0.45023303825826250      -0.86894603228724121      -0.20548236964030439        2.4169300443247750E-003
 -0.45023303825826250      -0.86894603228724121      -0.20548236964030439        2.4169300443247750E-003
  0.59051570489252714       0.79992785438572855       0.10680182607580488        2.5122368545634952E-003
 -0.59051570489252714       0.79992785438572855       0.10680182607580488        2.5122368545634952E-003
  0.59051570489252714      -0.79992785438572855       0.10680182607580488        2.5122368545634952E-003
 -0.59051570489252714      -0.79992785438572855       0.10680182607580488        2.5122368545634952E-003
  0.59051570489252714       0.79992785438572855      -0.10680182607580488        2.5122368545634952E-003
 -0.59051570489252714       0.79992785438572855      -0.10680182607580488        2.5122368545634952E-003
  0.59051570489252714      -0.79992785438572855      -0.10680182607580488        2.5122368545634952E-003
 -0.59051570489252714      -0.79992785438572855      -0.10680182607580488        2.5122368545634952E-003
  0.59051570489252714       0.10680182607580488       0.79992785438572855        2.5122368545634952E-003
 -0.59051570489252714       0.10680182607580488       0.79992785438572855        2.5122368545634952E-003
  0.59051570489252714      -0.10680182607580488       0.79992785438572855        2.5122368545634952E-003
 -0.59051570489252714      -0.10680182607580488       0.79992785438572855        2.5122368545634952E-003
  0.59051570489252714       0.10680182607580488      -0.79992785438572855        2.5122368545634952E-003
 -0.59051570489252714       0.10680182607580488      -0.79992785438572855        2.5122368545634952E-003
  0.59051570489252714      -0.10680182607580488      -0.79992785438572855        2.5122368545634952E-003
 -0.59051570489252714      -0.10680182607580488      -0.79992785438572855        2.5122368545634952E-003
  0.79992785438572855       0.59051570489252714       0.10680182607580488        2.5122368545634952E-003
 -0.79992785438572855       0.59051570489252714       0.10680182607580488        2.5122368545634952E-003
  0.79992785438572855      -0.59051570489252714       0.10680182607580488        2.5122368545634952E-003
 -0.79992785438572855      -0.59051570489252714       0.10680182607580488        2.5122368545634952E-003
  0.79992785438572855       0.59051570489252714      -0.10680182607580488        2.5122368545634952E-003
 -0.79992785438572855       0.59051570489252714      -0.10680182607580488        2.5122368545634952E-003
  0.79992785438572855      -0.59051570489252714      -0.10680182607580488        2.5122368545634952E-003
 -0.79992785438572855      -0.59051570489252714      -0.10680182607580488        2.5122368545634952E-003
  0.79992785438572855       0.10680182607580488       0.59051570489252714        2.5122368545634952E-003
 -0.79992785438572855       0.10680182607580488       0.59051570489252714        2.5122368545634952E-003
  0.79992785438572855      -0.10680182607580488       0.59051570489252714        2.5122368545634952E-003
 -0.79992785438572855      -0.10680182607580488       0.59051570489252714        2.5122368545634952E-003
  0.79992785438572855       0.10680182607580488      -0.59051570489252714        2.5122368545634952E-003
 -0.79992785438572855       0.10680182607580488      -0.59051570489252714        2.5122368545634952E-003
  0.79992785438572855      -0.10680182607580488      -0.59051570489252714        2.5122368545634952E-003
 -0.79992785438572855      -0.10680182607580488      -0.59051570489252714        2.5122368545634952E-003
  0.10680182607580488       0.59051570489252714       0.79992785438572855        2.5122368545634952E-003
 -0.10680182607580488       0.59051570489252714       0.79992785438572855        2.5122368545634952E-003
  0.10680182607580488      -0.59051570489252714       0.79992785438572855        2.5122368545634952E-003
 -0.10680182607580488      -0.59051570489252714       0.79992785438572855        2.5122368545634952E-003
  0.10680182607580488       0.59051570489252714      -0.79992785438572855        2.5122368545634952E-003
 -0.10680182607580488       0.59051570489252714      -0.79992785438572855        2.5122368545634952E-003
  0.10680182607580488      -0.59051570489252714      -0.79992785438572855        2.5122368545634952E-003
 -0.10680182607580488      -0.59051570489252714      -0.79992785438572855        2.5122368545634952E-003
  0.10680182607580488       0.79992785438572855       0.59051570489252714        2.5122368545634952E-003
 -0.10680182607580488       0.79992785438572855       0.59051570489252714        2.5122368545634952E-003
  0.10680182607580488      -0.79992785438572855       0.59051570489252714        2.5122368545634952E-003
 -0.10680182607580488      -0.79992785438572855       0.59051570489252714        2.5122368545634952E-003
  0.10680182607580488       0.79992785438572855      -0.59051570489252714        2.5122368545634952E-003
 -0.10680182607580488       0.79992785438572855      -0.59051570489252714        2.5122368545634952E-003
  0.10680182607580488      -0.79992785438572855      -0.59051570489252714        2.5122368545634952E-003
 -0.10680182607580488      -0.79992785438572855      -0.59051570489252714        2.5122368545634952E-003
  0.55501523610768067       0.77174626269159008       0.31042840351665446        2.4966440545530861E-003
 -0.55501523610768067       0.77174626269159008       0.31042840351665446        2.4966440545530861E-003
  0.55501523610768067      -0.77174626269159008       0.31042840351665446        2.4966440545530861E-003
 -0.55501523610768067      -0.77174626269159008       0.31042840351665446        2.4966440545530861E-003
  0.55501523610768067       0.77174626269159008      -0.31042840351665446        2.4966440545530861E-003
 -0.55501523610768067       0.77174626269159008      -0.31042840351665446        2.4966440545530861E-003
  0.55501523610768067      -0.77174626269159008      -0.31042840351665446        2.4966440545530861E-003
 -0.55501523610768067      -0.77174626269159008      -0.31042840351665446        2.4966440545530861E-003
  0.55501523610768067       0.31042840351665446       0.77174626269159008        2.4966440545530861E-003
 -0.55501523610768067       0.31042840351665446       0.77174626269159008        2.4966440545530861E-003
  0.55501523610768067      -0.31042840351665446       0.77174626269159008        2.4966440545530861E-003
 -0.55501523610768067      -0.31042840351665446       0.77174626269159008        2.4966440545530861E-003
  0.55501523610768067       0.31042840351665446      -0.77174626269159008        2.4966440545530861E-003
 -0.55501523610768067       0.31042840351665446      -0.77174626269159008        2.4966440545530861E-003
  0.55501523610768067      -0.31042840351665446      -0.77174626269159008        2.4966440545530861E-003
 -0.55501523610768067      -0.31042840351665446      -0.77174626269159008        2.4966440545530861E-003
  0.77174626269159008       0.55501523610768067       0.31042840351665446        2.4966440545530861E-003
 -0.77174626269159008       0.55501523610768067       0.31042840351665446        2.4966440545530861E-003
  0.77174626269159008      -0.55501523610768067       0.31042840351665446        2.4966440545530861E-003
 -0.77174626269159008      -0.55501523610768067       0.31042840351665446        2.4966440545530861E-003
  0.77174626269159008       0.55501523610768067      -0.31042840351665446        2.4966440545530861E-003
 -0.77174626269159008       0.55501523610768067      -0.31042840351665446        2.4966440545530861E-003
  0.77174626269159008      -0.55501523610768067      -0.31042840351665446        2.4966440545530861E-003
 -0.77174626269159008      -0.55501523610768067      -0.31042840351665446        2.4966440545530861E-003
  0.77174626269159008       0.31042840351665446       0.55501523610768067        2.4966440545530861E-003
 -0.77174626269159008       0.31042840351665446       0.55501523610768067        2.4966440545530861E-003
  0.77174626269159008      -0.31042840351665446       0.55501523610768067        2.4966440545530861E-003
 -0.77174626269159008      -0.31042840351665446       0.55501523610768067        2.4966440545530861E-003
  0.77174626269159008       0.31042840351665446      -0.55501523610768067        2.4966440545530861E-003
 -0.77174626269159008       0.31042840351665446      -0.55501523610768067        2.4966440545530861E-003
  0.77174626269159008      -0.31042840351665446      -0.55501523610768067        2.4966440545530861E-003
 -0.77174626269159008      -0.31042840351665446      -0.55501523610768067        2.4966440545530861E-003
  0.31042840351665446       0.55501523610768067       0.77174626269159008        2.4966440545530861E-003
 -0.31042840351665446       0.55501523610768067       0.77174626269159008        2.4966440545530861E-003
  0.31042840351665446      -0.55501523610768067       0.77174626269159008        2.4966440545530861E-003
 -0.31042840351665446      -0.55501523610768067       0.77174626269159008        2.4966440545530861E-003
  0.31042840351665446       0.55501523610768067      -0.77174626269159008        2.4966440545530861E-003
 -0.31042840351665446       0.55501523610768067      -0.77174626269159008        2.4966440545530861E-003
  0.31042840351665446      -0.55501523610768067      -0.77174626269159008        2.4966440545530861E-003
 -0.31042840351665446      -0.55501523610768067      -0.77174626269159008        2.4966440545530861E-003
  0.31042840351665446       0.77174626269159008       0.55501523610768067        2.4966440545530861E-003
 -0.31042840351665446       0.77174626269159008       0.55501523610768067        2.4966440545530861E-003
  0.31042840351665446      -0.77174626269159008       0.55501523610768067        2.4966440545530861E-003
 -0.31042840351665446      -0.77174626269159008       0.55501523610768067        2.4966440545530861E-003
  0.31042840351665446       0.77174626269159008      -0.55501523610768067        2.4966440545530861E-003
 -0.31042840351665446       0.77174626269159008      -0.55501523610768067        2.4966440545530861E-003
  0.31042840351665446      -0.77174626269159008      -0.55501523610768067        2.4966440545530861E-003
 -0.31042840351665446      -0.77174626269159008      -0.55501523610768067        2.4966440545530861E-003
  0.93718098585537224       0.33443631453434552        9.9217696364292479E-002   2.2366077604378488E-003
 -0.93718098585537224       0.33443631453434552        9.9217696364292479E-002   2.2366077604378488E-003
  0.93718098585537224      -0.33443631453434552        9.9217696364292479E-002   2.2366077604378488E-003
 -0.93718098585537224      -0.33443631453434552        9.9217696364292479E-002   2.2366077604378488E-003
  0.93718098585537224       0.33443631453434552       -9.9217696364292479E-002   2.2366077604378488E-003
 -0.93718098585537224       0.33443631453434552       -9.9217696364292479E-002   2.2366077604378488E-003
  0.93718098585537224      -0.33443631453434552       -9.9217696364292479E-002   2.2366077604378488E-003
 -0.93718098585537224      -0.33443631453434552       -9.9217696364292479E-002   2.2366077604378488E-003
  0.93718098585537224        9.9217696364292479E-002  0.33443631453434552        2.2366077604378488E-003
 -0.93718098585537224        9.9217696364292479E-002  0.33443631453434552        2.2366077604378488E-003
  0.93718098585537224       -9.9217696364292479E-002  0.33443631453434552        2.2366077604378488E-003
 -0.93718098585537224       -9.9217696364292479E-002  0.33443631453434552        2.2366077604378488E-003
  0.93718098585537224        9.9217696364292479E-002 -0.33443631453434552        2.2366077604378488E-003
 -0.93718098585537224        9.9217696364292479E-002 -0.33443631453434552        2.2366077604378488E-003
  0.93718098585537224       -9.9217696364292479E-002 -0.33443631453434552        2.2366077604378488E-003
 -0.93718098585537224       -9.9217696364292479E-002 -0.33443631453434552        2.2366077604378488E-003
  0.33443631453434552       0.93718098585537224        9.9217696364292479E-002   2.2366077604378488E-003
 -0.33443631453434552       0.93718098585537224        9.9217696364292479E-002   2.2366077604378488E-003
  0.33443631453434552      -0.93718098585537224        9.9217696364292479E-002   2.2366077604378488E-003
 -0.33443631453434552      -0.93718098585537224        9.9217696364292479E-002   2.2366077604378488E-003
  0.33443631453434552       0.93718098585537224       -9.9217696364292479E-002   2.2366077604378488E-003
 -0.33443631453434552       0.93718098585537224       -9.9217696364292479E-002   2.2366077604378488E-003
  0.33443631453434552      -0.93718098585537224       -9.9217696364292479E-002   2.2366077604378488E-003
 -0.33443631453434552      -0.93718098585537224       -9.9217696364292479E-002   2.2366077604378488E-003
  0.33443631453434552        9.9217696364292479E-002  0.93718098585537224        2.2366077604378488E-003
 -0.33443631453434552        9.9217696364292479E-002  0.93718098585537224        2.2366077604378488E-003
  0.33443631453434552       -9.9217696364292479E-002  0.93718098585537224        2.2366077604378488E-003
 -0.33443631453434552       -9.9217696364292479E-002  0.93718098585537224        2.2366077604378488E-003
  0.33443631453434552        9.9217696364292479E-002 -0.93718098585537224        2.2366077604378488E-003
 -0.33443631453434552        9.9217696364292479E-002 -0.93718098585537224        2.2366077604378488E-003
  0.33443631453434552       -9.9217696364292479E-002 -0.93718098585537224        2.2366077604378488E-003
 -0.33443631453434552       -9.9217696364292479E-002 -0.93718098585537224        2.2366077604378488E-003
   9.9217696364292479E-002  0.93718098585537224       0.33443631453434552        2.2366077604378488E-003
  -9.9217696364292479E-002  0.93718098585537224       0.33443631453434552        2.2366077604378488E-003
   9.9217696364292479E-002 -0.93718098585537224       0.33443631453434552        2.2366077604378488E-003
  -9.9217696364292479E-002 -0.93718098585537224       0.33443631453434552        2.2366077604378488E-003
   9.9217696364292479E-002  0.93718098585537224      -0.33443631453434552        2.2366077604378488E-003
  -9.9217696364292479E-002  0.93718098585537224      -0.33443631453434552        2.2366077604378488E-003
   9.9217696364292479E-002 -0.93718098585537224      -0.33443631453434552        2.2366077604378488E-003
  -9.9217696364292479E-002 -0.93718098585537224      -0.33443631453434552        2.2366077604378488E-003
   9.9217696364292479E-002  0.33443631453434552       0.93718098585537224        2.2366077604378488E-003
  -9.9217696364292479E-002  0.33443631453434552       0.93718098585537224        2.2366077604378488E-003
   9.9217696364292479E-002 -0.33443631453434552       0.93718098585537224        2.2366077604378488E-003
  -9.9217696364292479E-002 -0.33443631453434552       0.93718098585537224        2.2366077604378488E-003
   9.9217696364292479E-002  0.33443631453434552      -0.93718098585537224        2.2366077604378488E-003
  -9.9217696364292479E-002  0.33443631453434552      -0.93718098585537224        2.2366077604378488E-003
   9.9217696364292479E-002 -0.33443631453434552      -0.93718098585537224        2.2366077604378488E-003
  -9.9217696364292479E-002 -0.33443631453434552      -0.93718098585537224        2.2366077604378488E-003
