   1.0000000000000000        0.0000000000000000        0.0000000000000000        2.1929420881811840E-004
  -1.0000000000000000        0.0000000000000000        0.0000000000000000        2.1929420881811840E-004
   0.0000000000000000        1.0000000000000000        0.0000000000000000        2.1929420881811840E-004
   0.0000000000000000       -1.0000000000000000        0.0000000000000000        2.1929420881811840E-004
   0.0000000000000000        0.0000000000000000        1.0000000000000000        2.1929420881811840E-004
   0.0000000000000000        0.0000000000000000       -1.0000000000000000        2.1929420881811840E-004
   0.0000000000000000       0.70710678118654757       0.70710678118654757        1.4364336173190799E-003
   0.0000000000000000      -0.70710678118654757       0.70710678118654757        1.4364336173190799E-003
   0.0000000000000000       0.70710678118654757      -0.70710678118654757        1.4364336173190799E-003
   0.0000000000000000      -0.70710678118654757      -0.70710678118654757        1.4364336173190799E-003
  0.70710678118654757        0.0000000000000000       0.70710678118654757        1.4364336173190799E-003
 -0.70710678118654757        0.0000000000000000       0.70710678118654757        1.4364336173190799E-003
  0.70710678118654757        0.0000000000000000      -0.70710678118654757        1.4364336173190799E-003
 -0.70710678118654757        0.0000000000000000      -0.70710678118654757        1.4364336173190799E-003
  0.70710678118654757       0.70710678118654757        0.0000000000000000        1.4364336173190799E-003
 -0.70710678118654757       0.70710678118654757        0.0000000000000000        1.4364336173190799E-003
  0.70710678118654757      -0.70710678118654757        0.0000000000000000        1.4364336173190799E-003
 -0.70710678118654757      -0.70710678118654757        0.0000000000000000        1.4364336173190799E-003
  0.57735026918962573       0.57735026918962573       0.57735026918962573        1.4219403443358771E-003
 -0.57735026918962573       0.57735026918962573       0.57735026918962573        1.4219403443358771E-003
  0.57735026918962573      -0.57735026918962573       0.57735026918962573        1.4219403443358771E-003
 -0.57735026918962573      -0.57735026918962573       0.57735026918962573        1.4219403443358771E-003
  0.57735026918962573       0.57735026918962573      -0.57735026918962573        1.4219403443358771E-003
 -0.57735026918962573       0.57735026918962573      -0.57735026918962573        1.4219403443358771E-003
  0.57735026918962573      -0.57735026918962573      -0.57735026918962573        1.4219403443358771E-003
 -0.57735026918962573      -0.57735026918962573      -0.57735026918962573        1.4219403443358771E-003
   5.0872044105023599E-002   5.0872044105023599E-002  0.99740867765282304        6.7981235110505021E-004
  -5.0872044105023599E-002   5.0872044105023599E-002  0.99740867765282304        6.7981235110505021E-004
   5.0872044105023599E-002  -5.0872044105023599E-002  0.99740867765282304        6.7981235110505021E-004
  -5.0872044105023599E-002  -5.0872044105023599E-002  0.99740867765282304        6.7981235110505021E-004
   5.0872044105023599E-002   5.0872044105023599E-002 -0.99740867765282304        6.7981235110505021E-004
  -5.0872044105023599E-002   5.0872044105023599E-002 -0.99740867765282304        6.7981235110505021E-004
   5.0872044105023599E-002  -5.0872044105023599E-002 -0.99740867765282304        6.7981235110505021E-004
  -5.0872044105023599E-002  -5.0872044105023599E-002 -0.99740867765282304        6.7981235110505021E-004
   5.0872044105023599E-002  0.99740867765282304        5.0872044105023599E-002   6.7981235110505021E-004
  -5.0872044105023599E-002  0.99740867765282304        5.0872044105023599E-002   6.7981235110505021E-004
   5.0872044105023599E-002 -0.99740867765282304        5.0872044105023599E-002   6.7981235110505021E-004
  -5.0872044105023599E-002 -0.99740867765282304        5.0872044105023599E-002   6.7981235110505021E-004
   5.0872044105023599E-002  0.99740867765282304       -5.0872044105023599E-002   6.7981235110505021E-004
  -5.0872044105023599E-002  0.99740867765282304       -5.0872044105023599E-002   6.7981235110505021E-004
   5.0872044105023599E-002 -0.99740867765282304       -5.0872044105023599E-002   6.7981235110505021E-004
  -5.0872044105023599E-002 -0.99740867765282304       -5.0872044105023599E-002   6.7981235110505021E-004
  0.99740867765282304        5.0872044105023599E-002   5.0872044105023599E-002   6.7981235110505021E-004
 -0.99740867765282304        5.0872044105023599E-002   5.0872044105023599E-002   6.7981235110505021E-004
  0.99740867765282304       -5.0872044105023599E-002   5.0872044105023599E-002   6.7981235110505021E-004
 -0.99740867765282304       -5.0872044105023599E-002   5.0872044105023599E-002   6.7981235110505021E-004
  0.99740867765282304        5.0872044105023599E-002  -5.0872044105023599E-002   6.7981235110505021E-004
 -0.99740867765282304        5.0872044105023599E-002  -5.0872044105023599E-002   6.7981235110505021E-004
  0.99740867765282304       -5.0872044105023599E-002  -5.0872044105023599E-002   6.7981235110505021E-004
 -0.99740867765282304       -5.0872044105023599E-002  -5.0872044105023599E-002   6.7981235110505021E-004
  0.12281987901788310       0.12281987901788310       0.98479975357230121        9.9131842352949114E-004
 -0.12281987901788310       0.12281987901788310       0.98479975357230121        9.9131842352949114E-004
  0.12281987901788310      -0.12281987901788310       0.98479975357230121        9.9131842352949114E-004
 -0.12281987901788310      -0.12281987901788310       0.98479975357230121        9.9131842352949114E-004
  0.12281987901788310       0.12281987901788310      -0.98479975357230121        9.9131842352949114E-004
 -0.12281987901788310       0.12281987901788310      -0.98479975357230121        9.9131842352949114E-004
  0.12281987901788310      -0.12281987901788310      -0.98479975357230121        9.9131842352949114E-004
 -0.12281987901788310      -0.12281987901788310      -0.98479975357230121        9.9131842352949114E-004
  0.12281987901788310       0.98479975357230121       0.12281987901788310        9.9131842352949114E-004
 -0.12281987901788310       0.98479975357230121       0.12281987901788310        9.9131842352949114E-004
  0.12281987901788310      -0.98479975357230121       0.12281987901788310        9.9131842352949114E-004
 -0.12281987901788310      -0.98479975357230121       0.12281987901788310        9.9131842352949114E-004
  0.12281987901788310       0.98479975357230121      -0.12281987901788310        9.9131842352949114E-004
 -0.12281987901788310       0.98479975357230121      -0.12281987901788310        9.9131842352949114E-004
  0.12281987901788310      -0.98479975357230121      -0.12281987901788310        9.9131842352949114E-004
 -0.12281987901788310      -0.98479975357230121      -0.12281987901788310        9.9131842352949114E-004
  0.98479975357230121       0.12281987901788310       0.12281987901788310        9.9131842352949114E-004
 -0.98479975357230121       0.12281987901788310       0.12281987901788310        9.9131842352949114E-004
  0.98479975357230121      -0.12281987901788310       0.12281987901788310        9.9131842352949114E-004
 -0.98479975357230121      -0.12281987901788310       0.12281987901788310        9.9131842352949114E-004
  0.98479975357230121       0.12281987901788310      -0.12281987901788310        9.9131842352949114E-004
 -0.98479975357230121       0.12281987901788310      -0.12281987901788310        9.9131842352949114E-004
  0.98479975357230121      -0.12281987901788310      -0.12281987901788310        9.9131842352949114E-004
 -0.98479975357230121      -0.12281987901788310      -0.12281987901788310        9.9131842352949114E-004
  0.20268908144087860       0.20268908144087860       0.95803667598339137        1.1802078332389489E-003
 -0.20268908144087860       0.20268908144087860       0.95803667598339137        1.1802078332389489E-003
  0.20268908144087860      -0.20268908144087860       0.95803667598339137        1.1802078332389489E-003
 -0.20268908144087860      -0.20268908144087860       0.95803667598339137        1.1802078332389489E-003
  0.20268908144087860       0.20268908144087860      -0.95803667598339137        1.1802078332389489E-003
 -0.20268908144087860       0.20268908144087860      -0.95803667598339137        1.1802078332389489E-003
  0.20268908144087860      -0.20268908144087860      -0.95803667598339137        1.1802078332389489E-003
 -0.20268908144087860      -0.20268908144087860      -0.95803667598339137        1.1802078332389489E-003
  0.20268908144087860       0.95803667598339137       0.20268908144087860        1.1802078332389489E-003
 -0.20268908144087860       0.95803667598339137       0.20268908144087860        1.1802078332389489E-003
  0.20268908144087860      -0.95803667598339137       0.20268908144087860        1.1802078332389489E-003
 -0.20268908144087860      -0.95803667598339137       0.20268908144087860        1.1802078332389489E-003
  0.20268908144087860       0.95803667598339137      -0.20268908144087860        1.1802078332389489E-003
 -0.20268908144087860       0.95803667598339137      -0.20268908144087860        1.1802078332389489E-003
  0.20268908144087860      -0.95803667598339137      -0.20268908144087860        1.1802078332389489E-003
 -0.20268908144087860      -0.95803667598339137      -0.20268908144087860        1.1802078332389489E-003
  0.95803667598339137       0.20268908144087860       0.20268908144087860        1.1802078332389489E-003
 -0.95803667598339137       0.20268908144087860       0.20268908144087860        1.1802078332389489E-003
  0.95803667598339137      -0.20268908144087860       0.20268908144087860        1.1802078332389489E-003
 -0.95803667598339137      -0.20268908144087860       0.20268908144087860        1.1802078332389489E-003
  0.95803667598339137       0.20268908144087860      -0.20268908144087860        1.1802078332389489E-003
 -0.95803667598339137       0.20268908144087860      -0.20268908144087860        1.1802078332389489E-003
  0.95803667598339137      -0.20268908144087860      -0.20268908144087860        1.1802078332389489E-003
 -0.95803667598339137      -0.20268908144087860      -0.20268908144087860        1.1802078332389489E-003
  0.28477451564642942       0.28477451564642942       0.91531795048315479        1.2965996020809210E-003
 -0.28477451564642942       0.28477451564642942       0.91531795048315479        1.2965996020809210E-003
  0.28477451564642942      -0.28477451564642942       0.91531795048315479        1.2965996020809210E-003
 -0.28477451564642942      -0.28477451564642942       0.91531795048315479        1.2965996020809210E-003
  0.28477451564642942       0.28477451564642942      -0.91531795048315479        1.2965996020809210E-003
 -0.28477451564642942       0.28477451564642942      -0.91531795048315479        1.2965996020809210E-003
  0.28477451564642942      -0.28477451564642942      -0.91531795048315479        1.2965996020809210E-003
 -0.28477451564642942      -0.28477451564642942      -0.91531795048315479        1.2965996020809210E-003
  0.28477451564642942       0.91531795048315479       0.28477451564642942        1.2965996020809210E-003
 -0.28477451564642942       0.91531795048315479       0.28477451564642942        1.2965996020809210E-003
  0.28477451564642942      -0.91531795048315479       0.28477451564642942        1.2965996020809210E-003
 -0.28477451564642942      -0.91531795048315479       0.28477451564642942        1.2965996020809210E-003
  0.28477451564642942       0.91531795048315479      -0.28477451564642942        1.2965996020809210E-003
 -0.28477451564642942       0.91531795048315479      -0.28477451564642942        1.2965996020809210E-003
  0.28477451564642942      -0.91531795048315479      -0.28477451564642942        1.2965996020809210E-003
 -0.28477451564642942      -0.91531795048315479      -0.28477451564642942        1.2965996020809210E-003
  0.91531795048315479       0.28477451564642942       0.28477451564642942        1.2965996020809210E-003
 -0.91531795048315479       0.28477451564642942       0.28477451564642942        1.2965996020809210E-003
  0.91531795048315479      -0.28477451564642942       0.28477451564642942        1.2965996020809210E-003
 -0.91531795048315479      -0.28477451564642942       0.28477451564642942        1.2965996020809210E-003
  0.91531795048315479       0.28477451564642942      -0.28477451564642942        1.2965996020809210E-003
 -0.91531795048315479       0.28477451564642942      -0.28477451564642942        1.2965996020809210E-003
  0.91531795048315479      -0.28477451564642942      -0.28477451564642942        1.2965996020809210E-003
 -0.91531795048315479      -0.28477451564642942      -0.28477451564642942        1.2965996020809210E-003
  0.36567190789780257       0.36567190789780257       0.85590192869788650        1.3658714274283161E-003
 -0.36567190789780257       0.36567190789780257       0.85590192869788650        1.3658714274283161E-003
  0.36567190789780257      -0.36567190789780257       0.85590192869788650        1.3658714274283161E-003
 -0.36567190789780257      -0.36567190789780257       0.85590192869788650        1.3658714274283161E-003
  0.36567190789780257       0.36567190789780257      -0.85590192869788650        1.3658714274283161E-003
 -0.36567190789780257       0.36567190789780257      -0.85590192869788650        1.3658714274283161E-003
  0.36567190789780257      -0.36567190789780257      -0.85590192869788650        1.3658714274283161E-003
 -0.36567190789780257      -0.36567190789780257      -0.85590192869788650        1.3658714274283161E-003
  0.36567190789780257       0.85590192869788650       0.36567190789780257        1.3658714274283161E-003
 -0.36567190789780257       0.85590192869788650       0.36567190789780257        1.3658714274283161E-003
  0.36567190789780257      -0.85590192869788650       0.36567190789780257        1.3658714274283161E-003
 -0.36567190789780257      -0.85590192869788650       0.36567190789780257        1.3658714274283161E-003
  0.36567190789780257       0.85590192869788650      -0.36567190789780257        1.3658714274283161E-003
 -0.36567190789780257       0.85590192869788650      -0.36567190789780257        1.3658714274283161E-003
  0.36567190789780257      -0.85590192869788650      -0.36567190789780257        1.3658714274283161E-003
 -0.36567190789780257      -0.85590192869788650      -0.36567190789780257        1.3658714274283161E-003
  0.85590192869788650       0.36567190789780257       0.36567190789780257        1.3658714274283161E-003
 -0.85590192869788650       0.36567190789780257       0.36567190789780257        1.3658714274283161E-003
  0.85590192869788650      -0.36567190789780257       0.36567190789780257        1.3658714274283161E-003
 -0.85590192869788650      -0.36567190789780257       0.36567190789780257        1.3658714274283161E-003
  0.85590192869788650       0.36567190789780257      -0.36567190789780257        1.3658714274283161E-003
 -0.85590192869788650       0.36567190789780257      -0.36567190789780257        1.3658714274283161E-003
  0.85590192869788650      -0.36567190789780257      -0.36567190789780257        1.3658714274283161E-003
 -0.85590192869788650      -0.36567190789780257      -0.36567190789780257        1.3658714274283161E-003
  0.44282648867134689       0.44282648867134689       0.77962131952763514        1.4029886047753251E-003
 -0.44282648867134689       0.44282648867134689       0.77962131952763514        1.4029886047753251E-003
  0.44282648867134689      -0.44282648867134689       0.77962131952763514        1.4029886047753251E-003
 -0.44282648867134689      -0.44282648867134689       0.77962131952763514        1.4029886047753251E-003
  0.44282648867134689       0.44282648867134689      -0.77962131952763514        1.4029886047753251E-003
 -0.44282648867134689       0.44282648867134689      -0.77962131952763514        1.4029886047753251E-003
  0.44282648867134689      -0.44282648867134689      -0.77962131952763514        1.4029886047753251E-003
 -0.44282648867134689      -0.44282648867134689      -0.77962131952763514        1.4029886047753251E-003
  0.44282648867134689       0.77962131952763514       0.44282648867134689        1.4029886047753251E-003
 -0.44282648867134689       0.77962131952763514       0.44282648867134689        1.4029886047753251E-003
  0.44282648867134689      -0.77962131952763514       0.44282648867134689        1.4029886047753251E-003
 -0.44282648867134689      -0.77962131952763514       0.44282648867134689        1.4029886047753251E-003
  0.44282648867134689       0.77962131952763514      -0.44282648867134689        1.4029886047753251E-003
 -0.44282648867134689       0.77962131952763514      -0.44282648867134689        1.4029886047753251E-003
  0.44282648867134689      -0.77962131952763514      -0.44282648867134689        1.4029886047753251E-003
 -0.44282648867134689      -0.77962131952763514      -0.44282648867134689        1.4029886047753251E-003
  0.77962131952763514       0.44282648867134689       0.44282648867134689        1.4029886047753251E-003
 -0.77962131952763514       0.44282648867134689       0.44282648867134689        1.4029886047753251E-003
  0.77962131952763514      -0.44282648867134689       0.44282648867134689        1.4029886047753251E-003
 -0.77962131952763514      -0.44282648867134689       0.44282648867134689        1.4029886047753251E-003
  0.77962131952763514       0.44282648867134689      -0.44282648867134689        1.4029886047753251E-003
 -0.77962131952763514       0.44282648867134689      -0.44282648867134689        1.4029886047753251E-003
  0.77962131952763514      -0.44282648867134689      -0.44282648867134689        1.4029886047753251E-003
 -0.77962131952763514      -0.44282648867134689      -0.44282648867134689        1.4029886047753251E-003
  0.51406196272497351       0.51406196272497351       0.68664444726415430        1.4186455635956090E-003
 -0.51406196272497351       0.51406196272497351       0.68664444726415430        1.4186455635956090E-003
  0.51406196272497351      -0.51406196272497351       0.68664444726415430        1.4186455635956090E-003
 -0.51406196272497351      -0.51406196272497351       0.68664444726415430        1.4186455635956090E-003
  0.51406196272497351       0.51406196272497351      -0.68664444726415430        1.4186455635956090E-003
 -0.51406196272497351       0.51406196272497351      -0.68664444726415430        1.4186455635956090E-003
  0.51406196272497351      -0.51406196272497351      -0.68664444726415430        1.4186455635956090E-003
 -0.51406196272497351      -0.51406196272497351      -0.68664444726415430        1.4186455635956090E-003
  0.51406196272497351       0.68664444726415430       0.51406196272497351        1.4186455635956090E-003
 -0.51406196272497351       0.68664444726415430       0.51406196272497351        1.4186455635956090E-003
  0.51406196272497351      -0.68664444726415430       0.51406196272497351        1.4186455635956090E-003
 -0.51406196272497351      -0.68664444726415430       0.51406196272497351        1.4186455635956090E-003
  0.51406196272497351       0.68664444726415430      -0.51406196272497351        1.4186455635956090E-003
 -0.51406196272497351       0.68664444726415430      -0.51406196272497351        1.4186455635956090E-003
  0.51406196272497351      -0.68664444726415430      -0.51406196272497351        1.4186455635956090E-003
 -0.51406196272497351      -0.68664444726415430      -0.51406196272497351        1.4186455635956090E-003
  0.68664444726415430       0.51406196272497351       0.51406196272497351        1.4186455635956090E-003
 -0.68664444726415430       0.51406196272497351       0.51406196272497351        1.4186455635956090E-003
  0.68664444726415430      -0.51406196272497351       0.51406196272497351        1.4186455635956090E-003
 -0.68664444726415430      -0.51406196272497351       0.51406196272497351        1.4186455635956090E-003
  0.68664444726415430       0.51406196272497351      -0.51406196272497351        1.4186455635956090E-003
 -0.68664444726415430       0.51406196272497351      -0.51406196272497351        1.4186455635956090E-003
  0.68664444726415430      -0.51406196272497351      -0.51406196272497351        1.4186455635956090E-003
 -0.68664444726415430      -0.51406196272497351      -0.51406196272497351        1.4186455635956090E-003
  0.63064012191668029       0.63064012191668029       0.45231192031365841        1.4213767418516619E-003
 -0.63064012191668029       0.63064012191668029       0.45231192031365841        1.4213767418516619E-003
  0.63064012191668029      -0.63064012191668029       0.45231192031365841        1.4213767418516619E-003
 -0.63064012191668029      -0.63064012191668029       0.45231192031365841        1.4213767418516619E-003
  0.63064012191668029       0.63064012191668029      -0.45231192031365841        1.4213767418516619E-003
 -0.63064012191668029       0.63064012191668029      -0.45231192031365841        1.4213767418516619E-003
  0.63064012191668029      -0.63064012191668029      -0.45231192031365841        1.4213767418516619E-003
 -0.63064012191668029      -0.63064012191668029      -0.45231192031365841        1.4213767418516619E-003
  0.63064012191668029       0.45231192031365841       0.63064012191668029        1.4213767418516619E-003
 -0.63064012191668029       0.45231192031365841       0.63064012191668029        1.4213767418516619E-003
  0.63064012191668029      -0.45231192031365841       0.63064012191668029        1.4213767418516619E-003
 -0.63064012191668029      -0.45231192031365841       0.63064012191668029        1.4213767418516619E-003
  0.63064012191668029       0.45231192031365841      -0.63064012191668029        1.4213767418516619E-003
 -0.63064012191668029       0.45231192031365841      -0.63064012191668029        1.4213767418516619E-003
  0.63064012191668029      -0.45231192031365841      -0.63064012191668029        1.4213767418516619E-003
 -0.63064012191668029      -0.45231192031365841      -0.63064012191668029        1.4213767418516619E-003
  0.45231192031365841       0.63064012191668029       0.63064012191668029        1.4213767418516619E-003
 -0.45231192031365841       0.63064012191668029       0.63064012191668029        1.4213767418516619E-003
  0.45231192031365841      -0.63064012191668029       0.63064012191668029        1.4213767418516619E-003
 -0.45231192031365841      -0.63064012191668029       0.63064012191668029        1.4213767418516619E-003
  0.45231192031365841       0.63064012191668029      -0.63064012191668029        1.4213767418516619E-003
 -0.45231192031365841       0.63064012191668029      -0.63064012191668029        1.4213767418516619E-003
  0.45231192031365841      -0.63064012191668029      -0.63064012191668029        1.4213767418516619E-003
 -0.45231192031365841      -0.63064012191668029      -0.63064012191668029        1.4213767418516619E-003
  0.67168833320226118       0.67168833320226118       0.31252130500165326        1.4239964754909620E-003
 -0.67168833320226118       0.67168833320226118       0.31252130500165326        1.4239964754909620E-003
  0.67168833320226118      -0.67168833320226118       0.31252130500165326        1.4239964754909620E-003
 -0.67168833320226118      -0.67168833320226118       0.31252130500165326        1.4239964754909620E-003
  0.67168833320226118       0.67168833320226118      -0.31252130500165326        1.4239964754909620E-003
 -0.67168833320226118       0.67168833320226118      -0.31252130500165326        1.4239964754909620E-003
  0.67168833320226118      -0.67168833320226118      -0.31252130500165326        1.4239964754909620E-003
 -0.67168833320226118      -0.67168833320226118      -0.31252130500165326        1.4239964754909620E-003
  0.67168833320226118       0.31252130500165326       0.67168833320226118        1.4239964754909620E-003
 -0.67168833320226118       0.31252130500165326       0.67168833320226118        1.4239964754909620E-003
  0.67168833320226118      -0.31252130500165326       0.67168833320226118        1.4239964754909620E-003
 -0.67168833320226118      -0.31252130500165326       0.67168833320226118        1.4239964754909620E-003
  0.67168833320226118       0.31252130500165326      -0.67168833320226118        1.4239964754909620E-003
 -0.67168833320226118       0.31252130500165326      -0.67168833320226118        1.4239964754909620E-003
  0.67168833320226118      -0.31252130500165326      -0.67168833320226118        1.4239964754909620E-003
 -0.67168833320226118      -0.31252130500165326      -0.67168833320226118        1.4239964754909620E-003
  0.31252130500165326       0.67168833320226118       0.67168833320226118        1.4239964754909620E-003
 -0.31252130500165326       0.67168833320226118       0.67168833320226118        1.4239964754909620E-003
  0.31252130500165326      -0.67168833320226118       0.67168833320226118        1.4239964754909620E-003
 -0.31252130500165326      -0.67168833320226118       0.67168833320226118        1.4239964754909620E-003
  0.31252130500165326       0.67168833320226118      -0.67168833320226118        1.4239964754909620E-003
 -0.31252130500165326       0.67168833320226118      -0.67168833320226118        1.4239964754909620E-003
  0.31252130500165326      -0.67168833320226118      -0.67168833320226118        1.4239964754909620E-003
 -0.31252130500165326      -0.67168833320226118      -0.67168833320226118        1.4239964754909620E-003
  0.69797926853368808       0.69797926853368808       0.16015580349882902        1.4315540421785671E-003
 -0.69797926853368808       0.69797926853368808       0.16015580349882902        1.4315540421785671E-003
  0.69797926853368808      -0.69797926853368808       0.16015580349882902        1.4315540421785671E-003
 -0.69797926853368808      -0.69797926853368808       0.16015580349882902        1.4315540421785671E-003
  0.69797926853368808       0.69797926853368808      -0.16015580349882902        1.4315540421785671E-003
 -0.69797926853368808       0.69797926853368808      -0.16015580349882902        1.4315540421785671E-003
  0.69797926853368808      -0.69797926853368808      -0.16015580349882902        1.4315540421785671E-003
 -0.69797926853368808      -0.69797926853368808      -0.16015580349882902        1.4315540421785671E-003
  0.69797926853368808       0.16015580349882902       0.69797926853368808        1.4315540421785671E-003
 -0.69797926853368808       0.16015580349882902       0.69797926853368808        1.4315540421785671E-003
  0.69797926853368808      -0.16015580349882902       0.69797926853368808        1.4315540421785671E-003
 -0.69797926853368808      -0.16015580349882902       0.69797926853368808        1.4315540421785671E-003
  0.69797926853368808       0.16015580349882902      -0.69797926853368808        1.4315540421785671E-003
 -0.69797926853368808       0.16015580349882902      -0.69797926853368808        1.4315540421785671E-003
  0.69797926853368808      -0.16015580349882902      -0.69797926853368808        1.4315540421785671E-003
 -0.69797926853368808      -0.16015580349882902      -0.69797926853368808        1.4315540421785671E-003
  0.16015580349882902       0.69797926853368808       0.69797926853368808        1.4315540421785671E-003
 -0.16015580349882902       0.69797926853368808       0.69797926853368808        1.4315540421785671E-003
  0.16015580349882902      -0.69797926853368808       0.69797926853368808        1.4315540421785671E-003
 -0.16015580349882902      -0.69797926853368808       0.69797926853368808        1.4315540421785671E-003
  0.16015580349882902       0.69797926853368808      -0.69797926853368808        1.4315540421785671E-003
 -0.16015580349882902       0.69797926853368808      -0.69797926853368808        1.4315540421785671E-003
  0.16015580349882902      -0.69797926853368808      -0.69797926853368808        1.4315540421785671E-003
 -0.16015580349882902      -0.69797926853368808      -0.69797926853368808        1.4315540421785671E-003
  0.14468656741953090       0.98947753749559852        0.0000000000000000        9.2544014998653678E-004
 -0.14468656741953090       0.98947753749559852        0.0000000000000000        9.2544014998653678E-004
  0.14468656741953090      -0.98947753749559852        0.0000000000000000        9.2544014998653678E-004
 -0.14468656741953090      -0.98947753749559852        0.0000000000000000        9.2544014998653678E-004
  0.98947753749559852       0.14468656741953090        0.0000000000000000        9.2544014998653678E-004
 -0.98947753749559852       0.14468656741953090        0.0000000000000000        9.2544014998653678E-004
  0.98947753749559852      -0.14468656741953090        0.0000000000000000        9.2544014998653678E-004
 -0.98947753749559852      -0.14468656741953090        0.0000000000000000        9.2544014998653678E-004
  0.14468656741953090        0.0000000000000000       0.98947753749559852        9.2544014998653678E-004
 -0.14468656741953090        0.0000000000000000       0.98947753749559852        9.2544014998653678E-004
  0.14468656741953090        0.0000000000000000      -0.98947753749559852        9.2544014998653678E-004
 -0.14468656741953090        0.0000000000000000      -0.98947753749559852        9.2544014998653678E-004
  0.98947753749559852        0.0000000000000000       0.14468656741953090        9.2544014998653678E-004
 -0.98947753749559852        0.0000000000000000       0.14468656741953090        9.2544014998653678E-004
  0.98947753749559852        0.0000000000000000      -0.14468656741953090        9.2544014998653678E-004
 -0.98947753749559852        0.0000000000000000      -0.14468656741953090        9.2544014998653678E-004
   0.0000000000000000       0.14468656741953090       0.98947753749559852        9.2544014998653678E-004
   0.0000000000000000      -0.14468656741953090       0.98947753749559852        9.2544014998653678E-004
   0.0000000000000000       0.14468656741953090      -0.98947753749559852        9.2544014998653678E-004
   0.0000000000000000      -0.14468656741953090      -0.98947753749559852        9.2544014998653678E-004
   0.0000000000000000       0.98947753749559852       0.14468656741953090        9.2544014998653678E-004
   0.0000000000000000      -0.98947753749559852       0.14468656741953090        9.2544014998653678E-004
   0.0000000000000000       0.98947753749559852      -0.14468656741953090        9.2544014998653678E-004
   0.0000000000000000      -0.98947753749559852      -0.14468656741953090        9.2544014998653678E-004
  0.33902634754112160       0.94077687879375871        0.0000000000000000        1.2502399950535090E-003
 -0.33902634754112160       0.94077687879375871        0.0000000000000000        1.2502399950535090E-003
  0.33902634754112160      -0.94077687879375871        0.0000000000000000        1.2502399950535090E-003
 -0.33902634754112160      -0.94077687879375871        0.0000000000000000        1.2502399950535090E-003
  0.94077687879375871       0.33902634754112160        0.0000000000000000        1.2502399950535090E-003
 -0.94077687879375871       0.33902634754112160        0.0000000000000000        1.2502399950535090E-003
  0.94077687879375871      -0.33902634754112160        0.0000000000000000        1.2502399950535090E-003
 -0.94077687879375871      -0.33902634754112160        0.0000000000000000        1.2502399950535090E-003
  0.33902634754112160        0.0000000000000000       0.94077687879375871        1.2502399950535090E-003
 -0.33902634754112160        0.0000000000000000       0.94077687879375871        1.2502399950535090E-003
  0.33902634754112160        0.0000000000000000      -0.94077687879375871        1.2502399950535090E-003
 -0.33902634754112160        0.0000000000000000      -0.94077687879375871        1.2502399950535090E-003
  0.94077687879375871        0.0000000000000000       0.33902634754112160        1.2502399950535090E-003
 -0.94077687879375871        0.0000000000000000       0.33902634754112160        1.2502399950535090E-003
  0.94077687879375871        0.0000000000000000      -0.33902634754112160        1.2502399950535090E-003
 -0.94077687879375871        0.0000000000000000      -0.33902634754112160        1.2502399950535090E-003
   0.0000000000000000       0.33902634754112160       0.94077687879375871        1.2502399950535090E-003
   0.0000000000000000      -0.33902634754112160       0.94077687879375871        1.2502399950535090E-003
   0.0000000000000000       0.33902634754112160      -0.94077687879375871        1.2502399950535090E-003
   0.0000000000000000      -0.33902634754112160      -0.94077687879375871        1.2502399950535090E-003
   0.0000000000000000       0.94077687879375871       0.33902634754112160        1.2502399950535090E-003
   0.0000000000000000      -0.94077687879375871       0.33902634754112160        1.2502399950535090E-003
   0.0000000000000000       0.94077687879375871      -0.33902634754112160        1.2502399950535090E-003
   0.0000000000000000      -0.94077687879375871      -0.33902634754112160        1.2502399950535090E-003
  0.53358046512635060       0.84574930519365332        0.0000000000000000        1.3943658433292301E-003
 -0.53358046512635060       0.84574930519365332        0.0000000000000000        1.3943658433292301E-003
  0.53358046512635060      -0.84574930519365332        0.0000000000000000        1.3943658433292301E-003
 -0.53358046512635060      -0.84574930519365332        0.0000000000000000        1.3943658433292301E-003
  0.84574930519365332       0.53358046512635060        0.0000000000000000        1.3943658433292301E-003
 -0.84574930519365332       0.53358046512635060        0.0000000000000000        1.3943658433292301E-003
  0.84574930519365332      -0.53358046512635060        0.0000000000000000        1.3943658433292301E-003
 -0.84574930519365332      -0.53358046512635060        0.0000000000000000        1.3943658433292301E-003
  0.53358046512635060        0.0000000000000000       0.84574930519365332        1.3943658433292301E-003
 -0.53358046512635060        0.0000000000000000       0.84574930519365332        1.3943658433292301E-003
  0.53358046512635060        0.0000000000000000      -0.84574930519365332        1.3943658433292301E-003
 -0.53358046512635060        0.0000000000000000      -0.84574930519365332        1.3943658433292301E-003
  0.84574930519365332        0.0000000000000000       0.53358046512635060        1.3943658433292301E-003
 -0.84574930519365332        0.0000000000000000       0.53358046512635060        1.3943658433292301E-003
  0.84574930519365332        0.0000000000000000      -0.53358046512635060        1.3943658433292301E-003
 -0.84574930519365332        0.0000000000000000      -0.53358046512635060        1.3943658433292301E-003
   0.0000000000000000       0.53358046512635060       0.84574930519365332        1.3943658433292301E-003
   0.0000000000000000      -0.53358046512635060       0.84574930519365332        1.3943658433292301E-003
   0.0000000000000000       0.53358046512635060      -0.84574930519365332        1.3943658433292301E-003
   0.0000000000000000      -0.53358046512635060      -0.84574930519365332        1.3943658433292301E-003
   0.0000000000000000       0.84574930519365332       0.53358046512635060        1.3943658433292301E-003
   0.0000000000000000      -0.84574930519365332       0.53358046512635060        1.3943658433292301E-003
   0.0000000000000000       0.84574930519365332      -0.53358046512635060        1.3943658433292301E-003
   0.0000000000000000      -0.84574930519365332      -0.53358046512635060        1.3943658433292301E-003
   6.9440243933494128E-002  0.23551878942423260       0.96938586349843214        1.1270890946717489E-003
  -6.9440243933494128E-002  0.23551878942423260       0.96938586349843214        1.1270890946717489E-003
   6.9440243933494128E-002 -0.23551878942423260       0.96938586349843214        1.1270890946717489E-003
  -6.9440243933494128E-002 -0.23551878942423260       0.96938586349843214        1.1270890946717489E-003
   6.9440243933494128E-002  0.23551878942423260      -0.96938586349843214        1.1270890946717489E-003
  -6.9440243933494128E-002  0.23551878942423260      -0.96938586349843214        1.1270890946717489E-003
   6.9440243933494128E-002 -0.23551878942423260      -0.96938586349843214        1.1270890946717489E-003
  -6.9440243933494128E-002 -0.23551878942423260      -0.96938586349843214        1.1270890946717489E-003
   6.9440243933494128E-002  0.96938586349843214       0.23551878942423260        1.1270890946717489E-003
  -6.9440243933494128E-002  0.96938586349843214       0.23551878942423260        1.1270890946717489E-003
   6.9440243933494128E-002 -0.96938586349843214       0.23551878942423260        1.1270890946717489E-003
  -6.9440243933494128E-002 -0.96938586349843214       0.23551878942423260        1.1270890946717489E-003
   6.9440243933494128E-002  0.96938586349843214      -0.23551878942423260        1.1270890946717489E-003
  -6.9440243933494128E-002  0.96938586349843214      -0.23551878942423260        1.1270890946717489E-003
   6.9440243933494128E-002 -0.96938586349843214      -0.23551878942423260        1.1270890946717489E-003
  -6.9440243933494128E-002 -0.96938586349843214      -0.23551878942423260        1.1270890946717489E-003
  0.23551878942423260        6.9440243933494128E-002  0.96938586349843214        1.1270890946717489E-003
 -0.23551878942423260        6.9440243933494128E-002  0.96938586349843214        1.1270890946717489E-003
  0.23551878942423260       -6.9440243933494128E-002  0.96938586349843214        1.1270890946717489E-003
 -0.23551878942423260       -6.9440243933494128E-002  0.96938586349843214        1.1270890946717489E-003
  0.23551878942423260        6.9440243933494128E-002 -0.96938586349843214        1.1270890946717489E-003
 -0.23551878942423260        6.9440243933494128E-002 -0.96938586349843214        1.1270890946717489E-003
  0.23551878942423260       -6.9440243933494128E-002 -0.96938586349843214        1.1270890946717489E-003
 -0.23551878942423260       -6.9440243933494128E-002 -0.96938586349843214        1.1270890946717489E-003
  0.23551878942423260       0.96938586349843214        6.9440243933494128E-002   1.1270890946717489E-003
 -0.23551878942423260       0.96938586349843214        6.9440243933494128E-002   1.1270890946717489E-003
  0.23551878942423260      -0.96938586349843214        6.9440243933494128E-002   1.1270890946717489E-003
 -0.23551878942423260      -0.96938586349843214        6.9440243933494128E-002   1.1270890946717489E-003
  0.23551878942423260       0.96938586349843214       -6.9440243933494128E-002   1.1270890946717489E-003
 -0.23551878942423260       0.96938586349843214       -6.9440243933494128E-002   1.1270890946717489E-003
  0.23551878942423260      -0.96938586349843214       -6.9440243933494128E-002   1.1270890946717489E-003
 -0.23551878942423260      -0.96938586349843214       -6.9440243933494128E-002   1.1270890946717489E-003
  0.96938586349843214        6.9440243933494128E-002  0.23551878942423260        1.1270890946717489E-003
 -0.96938586349843214        6.9440243933494128E-002  0.23551878942423260        1.1270890946717489E-003
  0.96938586349843214       -6.9440243933494128E-002  0.23551878942423260        1.1270890946717489E-003
 -0.96938586349843214       -6.9440243933494128E-002  0.23551878942423260        1.1270890946717489E-003
  0.96938586349843214        6.9440243933494128E-002 -0.23551878942423260        1.1270890946717489E-003
 -0.96938586349843214        6.9440243933494128E-002 -0.23551878942423260        1.1270890946717489E-003
  0.96938586349843214       -6.9440243933494128E-002 -0.23551878942423260        1.1270890946717489E-003
 -0.96938586349843214       -6.9440243933494128E-002 -0.23551878942423260        1.1270890946717489E-003
  0.96938586349843214       0.23551878942423260        6.9440243933494128E-002   1.1270890946717489E-003
 -0.96938586349843214       0.23551878942423260        6.9440243933494128E-002   1.1270890946717489E-003
  0.96938586349843214      -0.23551878942423260        6.9440243933494128E-002   1.1270890946717489E-003
 -0.96938586349843214      -0.23551878942423260        6.9440243933494128E-002   1.1270890946717489E-003
  0.96938586349843214       0.23551878942423260       -6.9440243933494128E-002   1.1270890946717489E-003
 -0.96938586349843214       0.23551878942423260       -6.9440243933494128E-002   1.1270890946717489E-003
  0.96938586349843214      -0.23551878942423260       -6.9440243933494128E-002   1.1270890946717489E-003
 -0.96938586349843214      -0.23551878942423260       -6.9440243933494128E-002   1.1270890946717489E-003
  0.22690041095294600       0.41021824740457302       0.88331036052211276        1.3457537609106701E-003
 -0.22690041095294600       0.41021824740457302       0.88331036052211276        1.3457537609106701E-003
  0.22690041095294600      -0.41021824740457302       0.88331036052211276        1.3457537609106701E-003
 -0.22690041095294600      -0.41021824740457302       0.88331036052211276        1.3457537609106701E-003
  0.22690041095294600       0.41021824740457302      -0.88331036052211276        1.3457537609106701E-003
 -0.22690041095294600       0.41021824740457302      -0.88331036052211276        1.3457537609106701E-003
  0.22690041095294600      -0.41021824740457302      -0.88331036052211276        1.3457537609106701E-003
 -0.22690041095294600      -0.41021824740457302      -0.88331036052211276        1.3457537609106701E-003
  0.22690041095294600       0.88331036052211276       0.41021824740457302        1.3457537609106701E-003
 -0.22690041095294600       0.88331036052211276       0.41021824740457302        1.3457537609106701E-003
  0.22690041095294600      -0.88331036052211276       0.41021824740457302        1.3457537609106701E-003
 -0.22690041095294600      -0.88331036052211276       0.41021824740457302        1.3457537609106701E-003
  0.22690041095294600       0.88331036052211276      -0.41021824740457302        1.3457537609106701E-003
 -0.22690041095294600       0.88331036052211276      -0.41021824740457302        1.3457537609106701E-003
  0.22690041095294600      -0.88331036052211276      -0.41021824740457302        1.3457537609106701E-003
 -0.22690041095294600      -0.88331036052211276      -0.41021824740457302        1.3457537609106701E-003
  0.41021824740457302       0.22690041095294600       0.88331036052211276        1.3457537609106701E-003
 -0.41021824740457302       0.22690041095294600       0.88331036052211276        1.3457537609106701E-003
  0.41021824740457302      -0.22690041095294600       0.88331036052211276        1.3457537609106701E-003
 -0.41021824740457302      -0.22690041095294600       0.88331036052211276        1.3457537609106701E-003
  0.41021824740457302       0.22690041095294600      -0.88331036052211276        1.3457537609106701E-003
 -0.41021824740457302       0.22690041095294600      -0.88331036052211276        1.3457537609106701E-003
  0.41021824740457302      -0.22690041095294600      -0.88331036052211276        1.3457537609106701E-003
 -0.41021824740457302      -0.22690041095294600      -0.88331036052211276        1.3457537609106701E-003
  0.41021824740457302       0.88331036052211276       0.22690041095294600        1.3457537609106701E-003
 -0.41021824740457302       0.88331036052211276       0.22690041095294600        1.3457537609106701E-003
  0.41021824740457302      -0.88331036052211276       0.22690041095294600        1.3457537609106701E-003
 -0.41021824740457302      -0.88331036052211276       0.22690041095294600        1.3457537609106701E-003
  0.41021824740457302       0.88331036052211276      -0.22690041095294600        1.3457537609106701E-003
 -0.41021824740457302       0.88331036052211276      -0.22690041095294600        1.3457537609106701E-003
  0.41021824740457302      -0.88331036052211276      -0.22690041095294600        1.3457537609106701E-003
 -0.41021824740457302      -0.88331036052211276      -0.22690041095294600        1.3457537609106701E-003
  0.88331036052211276       0.22690041095294600       0.41021824740457302        1.3457537609106701E-003
 -0.88331036052211276       0.22690041095294600       0.41021824740457302        1.3457537609106701E-003
  0.88331036052211276      -0.22690041095294600       0.41021824740457302        1.3457537609106701E-003
 -0.88331036052211276      -0.22690041095294600       0.41021824740457302        1.3457537609106701E-003
  0.88331036052211276       0.22690041095294600      -0.41021824740457302        1.3457537609106701E-003
 -0.88331036052211276       0.22690041095294600      -0.41021824740457302        1.3457537609106701E-003
  0.88331036052211276      -0.22690041095294600      -0.41021824740457302        1.3457537609106701E-003
 -0.88331036052211276      -0.22690041095294600      -0.41021824740457302        1.3457537609106701E-003
  0.88331036052211276       0.41021824740457302       0.22690041095294600        1.3457537609106701E-003
 -0.88331036052211276       0.41021824740457302       0.22690041095294600        1.3457537609106701E-003
  0.88331036052211276      -0.41021824740457302       0.22690041095294600        1.3457537609106701E-003
 -0.88331036052211276      -0.41021824740457302       0.22690041095294600        1.3457537609106701E-003
  0.88331036052211276       0.41021824740457302      -0.22690041095294600        1.3457537609106701E-003
 -0.88331036052211276       0.41021824740457302      -0.22690041095294600        1.3457537609106701E-003
  0.88331036052211276      -0.41021824740457302      -0.22690041095294600        1.3457537609106701E-003
 -0.88331036052211276      -0.41021824740457302      -0.22690041095294600        1.3457537609106701E-003
   8.0255746077753390E-002  0.62143024174816053       0.77934810570266089        1.4249572833167829E-003
  -8.0255746077753390E-002  0.62143024174816053       0.77934810570266089        1.4249572833167829E-003
   8.0255746077753390E-002 -0.62143024174816053       0.77934810570266089        1.4249572833167829E-003
  -8.0255746077753390E-002 -0.62143024174816053       0.77934810570266089        1.4249572833167829E-003
   8.0255746077753390E-002  0.62143024174816053      -0.77934810570266089        1.4249572833167829E-003
  -8.0255746077753390E-002  0.62143024174816053      -0.77934810570266089        1.4249572833167829E-003
   8.0255746077753390E-002 -0.62143024174816053      -0.77934810570266089        1.4249572833167829E-003
  -8.0255746077753390E-002 -0.62143024174816053      -0.77934810570266089        1.4249572833167829E-003
   8.0255746077753390E-002  0.77934810570266089       0.62143024174816053        1.4249572833167829E-003
  -8.0255746077753390E-002  0.77934810570266089       0.62143024174816053        1.4249572833167829E-003
   8.0255746077753390E-002 -0.77934810570266089       0.62143024174816053        1.4249572833167829E-003
  -8.0255746077753390E-002 -0.77934810570266089       0.62143024174816053        1.4249572833167829E-003
   8.0255746077753390E-002  0.77934810570266089      -0.62143024174816053        1.4249572833167829E-003
  -8.0255746077753390E-002  0.77934810570266089      -0.62143024174816053        1.4249572833167829E-003
   8.0255746077753390E-002 -0.77934810570266089      -0.62143024174816053        1.4249572833167829E-003
  -8.0255746077753390E-002 -0.77934810570266089      -0.62143024174816053        1.4249572833167829E-003
  0.62143024174816053        8.0255746077753390E-002  0.77934810570266089        1.4249572833167829E-003
 -0.62143024174816053        8.0255746077753390E-002  0.77934810570266089        1.4249572833167829E-003
  0.62143024174816053       -8.0255746077753390E-002  0.77934810570266089        1.4249572833167829E-003
 -0.62143024174816053       -8.0255746077753390E-002  0.77934810570266089        1.4249572833167829E-003
  0.62143024174816053        8.0255746077753390E-002 -0.77934810570266089        1.4249572833167829E-003
 -0.62143024174816053        8.0255746077753390E-002 -0.77934810570266089        1.4249572833167829E-003
  0.62143024174816053       -8.0255746077753390E-002 -0.77934810570266089        1.4249572833167829E-003
 -0.62143024174816053       -8.0255746077753390E-002 -0.77934810570266089        1.4249572833167829E-003
  0.62143024174816053       0.77934810570266089        8.0255746077753390E-002   1.4249572833167829E-003
 -0.62143024174816053       0.77934810570266089        8.0255746077753390E-002   1.4249572833167829E-003
  0.62143024174816053      -0.77934810570266089        8.0255746077753390E-002   1.4249572833167829E-003
 -0.62143024174816053      -0.77934810570266089        8.0255746077753390E-002   1.4249572833167829E-003
  0.62143024174816053       0.77934810570266089       -8.0255746077753390E-002   1.4249572833167829E-003
 -0.62143024174816053       0.77934810570266089       -8.0255746077753390E-002   1.4249572833167829E-003
  0.62143024174816053      -0.77934810570266089       -8.0255746077753390E-002   1.4249572833167829E-003
 -0.62143024174816053      -0.77934810570266089       -8.0255746077753390E-002   1.4249572833167829E-003
  0.77934810570266089        8.0255746077753390E-002  0.62143024174816053        1.4249572833167829E-003
 -0.77934810570266089        8.0255746077753390E-002  0.62143024174816053        1.4249572833167829E-003
  0.77934810570266089       -8.0255746077753390E-002  0.62143024174816053        1.4249572833167829E-003
 -0.77934810570266089       -8.0255746077753390E-002  0.62143024174816053        1.4249572833167829E-003
  0.77934810570266089        8.0255746077753390E-002 -0.62143024174816053        1.4249572833167829E-003
 -0.77934810570266089        8.0255746077753390E-002 -0.62143024174816053        1.4249572833167829E-003
  0.77934810570266089       -8.0255746077753390E-002 -0.62143024174816053        1.4249572833167829E-003
 -0.77934810570266089       -8.0255746077753390E-002 -0.62143024174816053        1.4249572833167829E-003
  0.77934810570266089       0.62143024174816053        8.0255746077753390E-002   1.4249572833167829E-003
 -0.77934810570266089       0.62143024174816053        8.0255746077753390E-002   1.4249572833167829E-003
  0.77934810570266089      -0.62143024174816053        8.0255746077753390E-002   1.4249572833167829E-003
 -0.77934810570266089      -0.62143024174816053        8.0255746077753390E-002   1.4249572833167829E-003
  0.77934810570266089       0.62143024174816053       -8.0255746077753390E-002   1.4249572833167829E-003
 -0.77934810570266089       0.62143024174816053       -8.0255746077753390E-002   1.4249572833167829E-003
  0.77934810570266089      -0.62143024174816053       -8.0255746077753390E-002   1.4249572833167829E-003
 -0.77934810570266089      -0.62143024174816053       -8.0255746077753390E-002   1.4249572833167829E-003
  0.14679995278965721       0.32452843457173941       0.93441482705240220        1.2615233412377499E-003
 -0.14679995278965721       0.32452843457173941       0.93441482705240220        1.2615233412377499E-003
  0.14679995278965721      -0.32452843457173941       0.93441482705240220        1.2615233412377499E-003
 -0.14679995278965721      -0.32452843457173941       0.93441482705240220        1.2615233412377499E-003
  0.14679995278965721       0.32452843457173941      -0.93441482705240220        1.2615233412377499E-003
 -0.14679995278965721       0.32452843457173941      -0.93441482705240220        1.2615233412377499E-003
  0.14679995278965721      -0.32452843457173941      -0.93441482705240220        1.2615233412377499E-003
 -0.14679995278965721      -0.32452843457173941      -0.93441482705240220        1.2615233412377499E-003
  0.14679995278965721       0.93441482705240220       0.32452843457173941        1.2615233412377499E-003
 -0.14679995278965721       0.93441482705240220       0.32452843457173941        1.2615233412377499E-003
  0.14679995278965721      -0.93441482705240220       0.32452843457173941        1.2615233412377499E-003
 -0.14679995278965721      -0.93441482705240220       0.32452843457173941        1.2615233412377499E-003
  0.14679995278965721       0.93441482705240220      -0.32452843457173941        1.2615233412377499E-003
 -0.14679995278965721       0.93441482705240220      -0.32452843457173941        1.2615233412377499E-003
  0.14679995278965721      -0.93441482705240220      -0.32452843457173941        1.2615233412377499E-003
 -0.14679995278965721      -0.93441482705240220      -0.32452843457173941        1.2615233412377499E-003
  0.32452843457173941       0.14679995278965721       0.93441482705240220        1.2615233412377499E-003
 -0.32452843457173941       0.14679995278965721       0.93441482705240220        1.2615233412377499E-003
  0.32452843457173941      -0.14679995278965721       0.93441482705240220        1.2615233412377499E-003
 -0.32452843457173941      -0.14679995278965721       0.93441482705240220        1.2615233412377499E-003
  0.32452843457173941       0.14679995278965721      -0.93441482705240220        1.2615233412377499E-003
 -0.32452843457173941       0.14679995278965721      -0.93441482705240220        1.2615233412377499E-003
  0.32452843457173941      -0.14679995278965721      -0.93441482705240220        1.2615233412377499E-003
 -0.32452843457173941      -0.14679995278965721      -0.93441482705240220        1.2615233412377499E-003
  0.32452843457173941       0.93441482705240220       0.14679995278965721        1.2615233412377499E-003
 -0.32452843457173941       0.93441482705240220       0.14679995278965721        1.2615233412377499E-003
  0.32452843457173941      -0.93441482705240220       0.14679995278965721        1.2615233412377499E-003
 -0.32452843457173941      -0.93441482705240220       0.14679995278965721        1.2615233412377499E-003
  0.32452843457173941       0.93441482705240220      -0.14679995278965721        1.2615233412377499E-003
 -0.32452843457173941       0.93441482705240220      -0.14679995278965721        1.2615233412377499E-003
  0.32452843457173941      -0.93441482705240220      -0.14679995278965721        1.2615233412377499E-003
 -0.32452843457173941      -0.93441482705240220      -0.14679995278965721        1.2615233412377499E-003
  0.93441482705240220       0.14679995278965721       0.32452843457173941        1.2615233412377499E-003
 -0.93441482705240220       0.14679995278965721       0.32452843457173941        1.2615233412377499E-003
  0.93441482705240220      -0.14679995278965721       0.32452843457173941        1.2615233412377499E-003
 -0.93441482705240220      -0.14679995278965721       0.32452843457173941        1.2615233412377499E-003
  0.93441482705240220       0.14679995278965721      -0.32452843457173941        1.2615233412377499E-003
 -0.93441482705240220       0.14679995278965721      -0.32452843457173941        1.2615233412377499E-003
  0.93441482705240220      -0.14679995278965721      -0.32452843457173941        1.2615233412377499E-003
 -0.93441482705240220      -0.14679995278965721      -0.32452843457173941        1.2615233412377499E-003
  0.93441482705240220       0.32452843457173941       0.14679995278965721        1.2615233412377499E-003
 -0.93441482705240220       0.32452843457173941       0.14679995278965721        1.2615233412377499E-003
  0.93441482705240220      -0.32452843457173941       0.14679995278965721        1.2615233412377499E-003
 -0.93441482705240220      -0.32452843457173941       0.14679995278965721        1.2615233412377499E-003
  0.93441482705240220       0.32452843457173941      -0.14679995278965721        1.2615233412377499E-003
 -0.93441482705240220       0.32452843457173941      -0.14679995278965721        1.2615233412377499E-003
  0.93441482705240220      -0.32452843457173941      -0.14679995278965721        1.2615233412377499E-003
 -0.93441482705240220      -0.32452843457173941      -0.14679995278965721        1.2615233412377499E-003
  0.15715077698247271       0.52244821896966298       0.83806413345831243        1.3925471060526960E-003
 -0.15715077698247271       0.52244821896966298       0.83806413345831243        1.3925471060526960E-003
  0.15715077698247271      -0.52244821896966298       0.83806413345831243        1.3925471060526960E-003
 -0.15715077698247271      -0.52244821896966298       0.83806413345831243        1.3925471060526960E-003
  0.15715077698247271       0.52244821896966298      -0.83806413345831243        1.3925471060526960E-003
 -0.15715077698247271       0.52244821896966298      -0.83806413345831243        1.3925471060526960E-003
  0.15715077698247271      -0.52244821896966298      -0.83806413345831243        1.3925471060526960E-003
 -0.15715077698247271      -0.52244821896966298      -0.83806413345831243        1.3925471060526960E-003
  0.15715077698247271       0.83806413345831243       0.52244821896966298        1.3925471060526960E-003
 -0.15715077698247271       0.83806413345831243       0.52244821896966298        1.3925471060526960E-003
  0.15715077698247271      -0.83806413345831243       0.52244821896966298        1.3925471060526960E-003
 -0.15715077698247271      -0.83806413345831243       0.52244821896966298        1.3925471060526960E-003
  0.15715077698247271       0.83806413345831243      -0.52244821896966298        1.3925471060526960E-003
 -0.15715077698247271       0.83806413345831243      -0.52244821896966298        1.3925471060526960E-003
  0.15715077698247271      -0.83806413345831243      -0.52244821896966298        1.3925471060526960E-003
 -0.15715077698247271      -0.83806413345831243      -0.52244821896966298        1.3925471060526960E-003
  0.52244821896966298       0.15715077698247271       0.83806413345831243        1.3925471060526960E-003
 -0.52244821896966298       0.15715077698247271       0.83806413345831243        1.3925471060526960E-003
  0.52244821896966298      -0.15715077698247271       0.83806413345831243        1.3925471060526960E-003
 -0.52244821896966298      -0.15715077698247271       0.83806413345831243        1.3925471060526960E-003
  0.52244821896966298       0.15715077698247271      -0.83806413345831243        1.3925471060526960E-003
 -0.52244821896966298       0.15715077698247271      -0.83806413345831243        1.3925471060526960E-003
  0.52244821896966298      -0.15715077698247271      -0.83806413345831243        1.3925471060526960E-003
 -0.52244821896966298      -0.15715077698247271      -0.83806413345831243        1.3925471060526960E-003
  0.52244821896966298       0.83806413345831243       0.15715077698247271        1.3925471060526960E-003
 -0.52244821896966298       0.83806413345831243       0.15715077698247271        1.3925471060526960E-003
  0.52244821896966298      -0.83806413345831243       0.15715077698247271        1.3925471060526960E-003
 -0.52244821896966298      -0.83806413345831243       0.15715077698247271        1.3925471060526960E-003
  0.52244821896966298       0.83806413345831243      -0.15715077698247271        1.3925471060526960E-003
 -0.52244821896966298       0.83806413345831243      -0.15715077698247271        1.3925471060526960E-003
  0.52244821896966298      -0.83806413345831243      -0.15715077698247271        1.3925471060526960E-003
 -0.52244821896966298      -0.83806413345831243      -0.15715077698247271        1.3925471060526960E-003
  0.83806413345831243       0.15715077698247271       0.52244821896966298        1.3925471060526960E-003
 -0.83806413345831243       0.15715077698247271       0.52244821896966298        1.3925471060526960E-003
  0.83806413345831243      -0.15715077698247271       0.52244821896966298        1.3925471060526960E-003
 -0.83806413345831243      -0.15715077698247271       0.52244821896966298        1.3925471060526960E-003
  0.83806413345831243       0.15715077698247271      -0.52244821896966298        1.3925471060526960E-003
 -0.83806413345831243       0.15715077698247271      -0.52244821896966298        1.3925471060526960E-003
  0.83806413345831243      -0.15715077698247271      -0.52244821896966298        1.3925471060526960E-003
 -0.83806413345831243      -0.15715077698247271      -0.52244821896966298        1.3925471060526960E-003
  0.83806413345831243       0.52244821896966298       0.15715077698247271        1.3925471060526960E-003
 -0.83806413345831243       0.52244821896966298       0.15715077698247271        1.3925471060526960E-003
  0.83806413345831243      -0.52244821896966298       0.15715077698247271        1.3925471060526960E-003
 -0.83806413345831243      -0.52244821896966298       0.15715077698247271        1.3925471060526960E-003
  0.83806413345831243       0.52244821896966298      -0.15715077698247271        1.3925471060526960E-003
 -0.83806413345831243       0.52244821896966298      -0.15715077698247271        1.3925471060526960E-003
  0.83806413345831243      -0.52244821896966298      -0.15715077698247271        1.3925471060526960E-003
 -0.83806413345831243      -0.52244821896966298      -0.15715077698247271        1.3925471060526960E-003
  0.23657029931572460       0.60175466340895578       0.76284062460466984        1.4187616778776561E-003
 -0.23657029931572460       0.60175466340895578       0.76284062460466984        1.4187616778776561E-003
  0.23657029931572460      -0.60175466340895578       0.76284062460466984        1.4187616778776561E-003
 -0.23657029931572460      -0.60175466340895578       0.76284062460466984        1.4187616778776561E-003
  0.23657029931572460       0.60175466340895578      -0.76284062460466984        1.4187616778776561E-003
 -0.23657029931572460       0.60175466340895578      -0.76284062460466984        1.4187616778776561E-003
  0.23657029931572460      -0.60175466340895578      -0.76284062460466984        1.4187616778776561E-003
 -0.23657029931572460      -0.60175466340895578      -0.76284062460466984        1.4187616778776561E-003
  0.23657029931572460       0.76284062460466984       0.60175466340895578        1.4187616778776561E-003
 -0.23657029931572460       0.76284062460466984       0.60175466340895578        1.4187616778776561E-003
  0.23657029931572460      -0.76284062460466984       0.60175466340895578        1.4187616778776561E-003
 -0.23657029931572460      -0.76284062460466984       0.60175466340895578        1.4187616778776561E-003
  0.23657029931572460       0.76284062460466984      -0.60175466340895578        1.4187616778776561E-003
 -0.23657029931572460       0.76284062460466984      -0.60175466340895578        1.4187616778776561E-003
  0.23657029931572460      -0.76284062460466984      -0.60175466340895578        1.4187616778776561E-003
 -0.23657029931572460      -0.76284062460466984      -0.60175466340895578        1.4187616778776561E-003
  0.60175466340895578       0.23657029931572460       0.76284062460466984        1.4187616778776561E-003
 -0.60175466340895578       0.23657029931572460       0.76284062460466984        1.4187616778776561E-003
  0.60175466340895578      -0.23657029931572460       0.76284062460466984        1.4187616778776561E-003
 -0.60175466340895578      -0.23657029931572460       0.76284062460466984        1.4187616778776561E-003
  0.60175466340895578       0.23657029931572460      -0.76284062460466984        1.4187616778776561E-003
 -0.60175466340895578       0.23657029931572460      -0.76284062460466984        1.4187616778776561E-003
  0.60175466340895578      -0.23657029931572460      -0.76284062460466984        1.4187616778776561E-003
 -0.60175466340895578      -0.23657029931572460      -0.76284062460466984        1.4187616778776561E-003
  0.60175466340895578       0.76284062460466984       0.23657029931572460        1.4187616778776561E-003
 -0.60175466340895578       0.76284062460466984       0.23657029931572460        1.4187616778776561E-003
  0.60175466340895578      -0.76284062460466984       0.23657029931572460        1.4187616778776561E-003
 -0.60175466340895578      -0.76284062460466984       0.23657029931572460        1.4187616778776561E-003
  0.60175466340895578       0.76284062460466984      -0.23657029931572460        1.4187616778776561E-003
 -0.60175466340895578       0.76284062460466984      -0.23657029931572460        1.4187616778776561E-003
  0.60175466340895578      -0.76284062460466984      -0.23657029931572460        1.4187616778776561E-003
 -0.60175466340895578      -0.76284062460466984      -0.23657029931572460        1.4187616778776561E-003
  0.76284062460466984       0.23657029931572460       0.60175466340895578        1.4187616778776561E-003
 -0.76284062460466984       0.23657029931572460       0.60175466340895578        1.4187616778776561E-003
  0.76284062460466984      -0.23657029931572460       0.60175466340895578        1.4187616778776561E-003
 -0.76284062460466984      -0.23657029931572460       0.60175466340895578        1.4187616778776561E-003
  0.76284062460466984       0.23657029931572460      -0.60175466340895578        1.4187616778776561E-003
 -0.76284062460466984       0.23657029931572460      -0.60175466340895578        1.4187616778776561E-003
  0.76284062460466984      -0.23657029931572460      -0.60175466340895578        1.4187616778776561E-003
 -0.76284062460466984      -0.23657029931572460      -0.60175466340895578        1.4187616778776561E-003
  0.76284062460466984       0.60175466340895578       0.23657029931572460        1.4187616778776561E-003
 -0.76284062460466984       0.60175466340895578       0.23657029931572460        1.4187616778776561E-003
  0.76284062460466984      -0.60175466340895578       0.23657029931572460        1.4187616778776561E-003
 -0.76284062460466984      -0.60175466340895578       0.23657029931572460        1.4187616778776561E-003
  0.76284062460466984       0.60175466340895578      -0.23657029931572460        1.4187616778776561E-003
 -0.76284062460466984       0.60175466340895578      -0.23657029931572460        1.4187616778776561E-003
  0.76284062460466984      -0.60175466340895578      -0.23657029931572460        1.4187616778776561E-003
 -0.76284062460466984      -0.60175466340895578      -0.23657029931572460        1.4187616778776561E-003
   7.7148158667657327E-002  0.43465755161411629       0.89728533613283334        1.3383666844795541E-003
  -7.7148158667657327E-002  0.43465755161411629       0.89728533613283334        1.3383666844795541E-003
   7.7148158667657327E-002 -0.43465755161411629       0.89728533613283334        1.3383666844795541E-003
  -7.7148158667657327E-002 -0.43465755161411629       0.89728533613283334        1.3383666844795541E-003
   7.7148158667657327E-002  0.43465755161411629      -0.89728533613283334        1.3383666844795541E-003
  -7.7148158667657327E-002  0.43465755161411629      -0.89728533613283334        1.3383666844795541E-003
   7.7148158667657327E-002 -0.43465755161411629      -0.89728533613283334        1.3383666844795541E-003
  -7.7148158667657327E-002 -0.43465755161411629      -0.89728533613283334        1.3383666844795541E-003
   7.7148158667657327E-002  0.89728533613283334       0.43465755161411629        1.3383666844795541E-003
  -7.7148158667657327E-002  0.89728533613283334       0.43465755161411629        1.3383666844795541E-003
   7.7148158667657327E-002 -0.89728533613283334       0.43465755161411629        1.3383666844795541E-003
  -7.7148158667657327E-002 -0.89728533613283334       0.43465755161411629        1.3383666844795541E-003
   7.7148158667657327E-002  0.89728533613283334      -0.43465755161411629        1.3383666844795541E-003
  -7.7148158667657327E-002  0.89728533613283334      -0.43465755161411629        1.3383666844795541E-003
   7.7148158667657327E-002 -0.89728533613283334      -0.43465755161411629        1.3383666844795541E-003
  -7.7148158667657327E-002 -0.89728533613283334      -0.43465755161411629        1.3383666844795541E-003
  0.43465755161411629        7.7148158667657327E-002  0.89728533613283334        1.3383666844795541E-003
 -0.43465755161411629        7.7148158667657327E-002  0.89728533613283334        1.3383666844795541E-003
  0.43465755161411629       -7.7148158667657327E-002  0.89728533613283334        1.3383666844795541E-003
 -0.43465755161411629       -7.7148158667657327E-002  0.89728533613283334        1.3383666844795541E-003
  0.43465755161411629        7.7148158667657327E-002 -0.89728533613283334        1.3383666844795541E-003
 -0.43465755161411629        7.7148158667657327E-002 -0.89728533613283334        1.3383666844795541E-003
  0.43465755161411629       -7.7148158667657327E-002 -0.89728533613283334        1.3383666844795541E-003
 -0.43465755161411629       -7.7148158667657327E-002 -0.89728533613283334        1.3383666844795541E-003
  0.43465755161411629       0.89728533613283334        7.7148158667657327E-002   1.3383666844795541E-003
 -0.43465755161411629       0.89728533613283334        7.7148158667657327E-002   1.3383666844795541E-003
  0.43465755161411629      -0.89728533613283334        7.7148158667657327E-002   1.3383666844795541E-003
 -0.43465755161411629      -0.89728533613283334        7.7148158667657327E-002   1.3383666844795541E-003
  0.43465755161411629       0.89728533613283334       -7.7148158667657327E-002   1.3383666844795541E-003
 -0.43465755161411629       0.89728533613283334       -7.7148158667657327E-002   1.3383666844795541E-003
  0.43465755161411629      -0.89728533613283334       -7.7148158667657327E-002   1.3383666844795541E-003
 -0.43465755161411629      -0.89728533613283334       -7.7148158667657327E-002   1.3383666844795541E-003
  0.89728533613283334        7.7148158667657327E-002  0.43465755161411629        1.3383666844795541E-003
 -0.89728533613283334        7.7148158667657327E-002  0.43465755161411629        1.3383666844795541E-003
  0.89728533613283334       -7.7148158667657327E-002  0.43465755161411629        1.3383666844795541E-003
 -0.89728533613283334       -7.7148158667657327E-002  0.43465755161411629        1.3383666844795541E-003
  0.89728533613283334        7.7148158667657327E-002 -0.43465755161411629        1.3383666844795541E-003
 -0.89728533613283334        7.7148158667657327E-002 -0.43465755161411629        1.3383666844795541E-003
  0.89728533613283334       -7.7148158667657327E-002 -0.43465755161411629        1.3383666844795541E-003
 -0.89728533613283334       -7.7148158667657327E-002 -0.43465755161411629        1.3383666844795541E-003
  0.89728533613283334       0.43465755161411629        7.7148158667657327E-002   1.3383666844795541E-003
 -0.89728533613283334       0.43465755161411629        7.7148158667657327E-002   1.3383666844795541E-003
  0.89728533613283334      -0.43465755161411629        7.7148158667657327E-002   1.3383666844795541E-003
 -0.89728533613283334      -0.43465755161411629        7.7148158667657327E-002   1.3383666844795541E-003
  0.89728533613283334       0.43465755161411629       -7.7148158667657327E-002   1.3383666844795541E-003
 -0.89728533613283334       0.43465755161411629       -7.7148158667657327E-002   1.3383666844795541E-003
  0.89728533613283334      -0.43465755161411629       -7.7148158667657327E-002   1.3383666844795541E-003
 -0.89728533613283334      -0.43465755161411629       -7.7148158667657327E-002   1.3383666844795541E-003
  0.30629366662107299       0.49088265890376159       0.81560922320397544        1.3937008626761309E-003
 -0.30629366662107299       0.49088265890376159       0.81560922320397544        1.3937008626761309E-003
  0.30629366662107299      -0.49088265890376159       0.81560922320397544        1.3937008626761309E-003
 -0.30629366662107299      -0.49088265890376159       0.81560922320397544        1.3937008626761309E-003
  0.30629366662107299       0.49088265890376159      -0.81560922320397544        1.3937008626761309E-003
 -0.30629366662107299       0.49088265890376159      -0.81560922320397544        1.3937008626761309E-003
  0.30629366662107299      -0.49088265890376159      -0.81560922320397544        1.3937008626761309E-003
 -0.30629366662107299      -0.49088265890376159      -0.81560922320397544        1.3937008626761309E-003
  0.30629366662107299       0.81560922320397544       0.49088265890376159        1.3937008626761309E-003
 -0.30629366662107299       0.81560922320397544       0.49088265890376159        1.3937008626761309E-003
  0.30629366662107299      -0.81560922320397544       0.49088265890376159        1.3937008626761309E-003
 -0.30629366662107299      -0.81560922320397544       0.49088265890376159        1.3937008626761309E-003
  0.30629366662107299       0.81560922320397544      -0.49088265890376159        1.3937008626761309E-003
 -0.30629366662107299       0.81560922320397544      -0.49088265890376159        1.3937008626761309E-003
  0.30629366662107299      -0.81560922320397544      -0.49088265890376159        1.3937008626761309E-003
 -0.30629366662107299      -0.81560922320397544      -0.49088265890376159        1.3937008626761309E-003
  0.49088265890376159       0.30629366662107299       0.81560922320397544        1.3937008626761309E-003
 -0.49088265890376159       0.30629366662107299       0.81560922320397544        1.3937008626761309E-003
  0.49088265890376159      -0.30629366662107299       0.81560922320397544        1.3937008626761309E-003
 -0.49088265890376159      -0.30629366662107299       0.81560922320397544        1.3937008626761309E-003
  0.49088265890376159       0.30629366662107299      -0.81560922320397544        1.3937008626761309E-003
 -0.49088265890376159       0.30629366662107299      -0.81560922320397544        1.3937008626761309E-003
  0.49088265890376159      -0.30629366662107299      -0.81560922320397544        1.3937008626761309E-003
 -0.49088265890376159      -0.30629366662107299      -0.81560922320397544        1.3937008626761309E-003
  0.49088265890376159       0.81560922320397544       0.30629366662107299        1.3937008626761309E-003
 -0.49088265890376159       0.81560922320397544       0.30629366662107299        1.3937008626761309E-003
  0.49088265890376159      -0.81560922320397544       0.30629366662107299        1.3937008626761309E-003
 -0.49088265890376159      -0.81560922320397544       0.30629366662107299        1.3937008626761309E-003
  0.49088265890376159       0.81560922320397544      -0.30629366662107299        1.3937008626761309E-003
 -0.49088265890376159       0.81560922320397544      -0.30629366662107299        1.3937008626761309E-003
  0.49088265890376159      -0.81560922320397544      -0.30629366662107299        1.3937008626761309E-003
 -0.49088265890376159      -0.81560922320397544      -0.30629366662107299        1.3937008626761309E-003
  0.81560922320397544       0.30629366662107299       0.49088265890376159        1.3937008626761309E-003
 -0.81560922320397544       0.30629366662107299       0.49088265890376159        1.3937008626761309E-003
  0.81560922320397544      -0.30629366662107299       0.49088265890376159        1.3937008626761309E-003
 -0.81560922320397544      -0.30629366662107299       0.49088265890376159        1.3937008626761309E-003
  0.81560922320397544       0.30629366662107299      -0.49088265890376159        1.3937008626761309E-003
 -0.81560922320397544       0.30629366662107299      -0.49088265890376159        1.3937008626761309E-003
  0.81560922320397544      -0.30629366662107299      -0.49088265890376159        1.3937008626761309E-003
 -0.81560922320397544      -0.30629366662107299      -0.49088265890376159        1.3937008626761309E-003
  0.81560922320397544       0.49088265890376159       0.30629366662107299        1.3937008626761309E-003
 -0.81560922320397544       0.49088265890376159       0.30629366662107299        1.3937008626761309E-003
  0.81560922320397544      -0.49088265890376159       0.30629366662107299        1.3937008626761309E-003
 -0.81560922320397544      -0.49088265890376159       0.30629366662107299        1.3937008626761309E-003
  0.81560922320397544       0.49088265890376159      -0.30629366662107299        1.3937008626761309E-003
 -0.81560922320397544       0.49088265890376159      -0.30629366662107299        1.3937008626761309E-003
  0.81560922320397544      -0.49088265890376159      -0.30629366662107299        1.3937008626761309E-003
 -0.81560922320397544      -0.49088265890376159      -0.30629366662107299        1.3937008626761309E-003
  0.38224773795247868       0.56487681490995001       0.73130079365976575        1.4159147574669319E-003
 -0.38224773795247868       0.56487681490995001       0.73130079365976575        1.4159147574669319E-003
  0.38224773795247868      -0.56487681490995001       0.73130079365976575        1.4159147574669319E-003
 -0.38224773795247868      -0.56487681490995001       0.73130079365976575        1.4159147574669319E-003
  0.38224773795247868       0.56487681490995001      -0.73130079365976575        1.4159147574669319E-003
 -0.38224773795247868       0.56487681490995001      -0.73130079365976575        1.4159147574669319E-003
  0.38224773795247868      -0.56487681490995001      -0.73130079365976575        1.4159147574669319E-003
 -0.38224773795247868      -0.56487681490995001      -0.73130079365976575        1.4159147574669319E-003
  0.38224773795247868       0.73130079365976575       0.56487681490995001        1.4159147574669319E-003
 -0.38224773795247868       0.73130079365976575       0.56487681490995001        1.4159147574669319E-003
  0.38224773795247868      -0.73130079365976575       0.56487681490995001        1.4159147574669319E-003
 -0.38224773795247868      -0.73130079365976575       0.56487681490995001        1.4159147574669319E-003
  0.38224773795247868       0.73130079365976575      -0.56487681490995001        1.4159147574669319E-003
 -0.38224773795247868       0.73130079365976575      -0.56487681490995001        1.4159147574669319E-003
  0.38224773795247868      -0.73130079365976575      -0.56487681490995001        1.4159147574669319E-003
 -0.38224773795247868      -0.73130079365976575      -0.56487681490995001        1.4159147574669319E-003
  0.56487681490995001       0.38224773795247868       0.73130079365976575        1.4159147574669319E-003
 -0.56487681490995001       0.38224773795247868       0.73130079365976575        1.4159147574669319E-003
  0.56487681490995001      -0.38224773795247868       0.73130079365976575        1.4159147574669319E-003
 -0.56487681490995001      -0.38224773795247868       0.73130079365976575        1.4159147574669319E-003
  0.56487681490995001       0.38224773795247868      -0.73130079365976575        1.4159147574669319E-003
 -0.56487681490995001       0.38224773795247868      -0.73130079365976575        1.4159147574669319E-003
  0.56487681490995001      -0.38224773795247868      -0.73130079365976575        1.4159147574669319E-003
 -0.56487681490995001      -0.38224773795247868      -0.73130079365976575        1.4159147574669319E-003
  0.56487681490995001       0.73130079365976575       0.38224773795247868        1.4159147574669319E-003
 -0.56487681490995001       0.73130079365976575       0.38224773795247868        1.4159147574669319E-003
  0.56487681490995001      -0.73130079365976575       0.38224773795247868        1.4159147574669319E-003
 -0.56487681490995001      -0.73130079365976575       0.38224773795247868        1.4159147574669319E-003
  0.56487681490995001       0.73130079365976575      -0.38224773795247868        1.4159147574669319E-003
 -0.56487681490995001       0.73130079365976575      -0.38224773795247868        1.4159147574669319E-003
  0.56487681490995001      -0.73130079365976575      -0.38224773795247868        1.4159147574669319E-003
 -0.56487681490995001      -0.73130079365976575      -0.38224773795247868        1.4159147574669319E-003
  0.73130079365976575       0.38224773795247868       0.56487681490995001        1.4159147574669319E-003
 -0.73130079365976575       0.38224773795247868       0.56487681490995001        1.4159147574669319E-003
  0.73130079365976575      -0.38224773795247868       0.56487681490995001        1.4159147574669319E-003
 -0.73130079365976575      -0.38224773795247868       0.56487681490995001        1.4159147574669319E-003
  0.73130079365976575       0.38224773795247868      -0.56487681490995001        1.4159147574669319E-003
 -0.73130079365976575       0.38224773795247868      -0.56487681490995001        1.4159147574669319E-003
  0.73130079365976575      -0.38224773795247868      -0.56487681490995001        1.4159147574669319E-003
 -0.73130079365976575      -0.38224773795247868      -0.56487681490995001        1.4159147574669319E-003
  0.73130079365976575       0.56487681490995001       0.38224773795247868        1.4159147574669319E-003
 -0.73130079365976575       0.56487681490995001       0.38224773795247868        1.4159147574669319E-003
  0.73130079365976575      -0.56487681490995001       0.38224773795247868        1.4159147574669319E-003
 -0.73130079365976575      -0.56487681490995001       0.38224773795247868        1.4159147574669319E-003
  0.73130079365976575       0.56487681490995001      -0.38224773795247868        1.4159147574669319E-003
 -0.73130079365976575       0.56487681490995001      -0.38224773795247868        1.4159147574669319E-003
  0.73130079365976575      -0.56487681490995001      -0.38224773795247868        1.4159147574669319E-003
 -0.73130079365976575      -0.56487681490995001      -0.38224773795247868        1.4159147574669319E-003
