   1.0000000000000000        0.0000000000000000        0.0000000000000000        1.2698412698412700E-002
  -1.0000000000000000        0.0000000000000000        0.0000000000000000        1.2698412698412700E-002
   0.0000000000000000        1.0000000000000000        0.0000000000000000        1.2698412698412700E-002
   0.0000000000000000       -1.0000000000000000        0.0000000000000000        1.2698412698412700E-002
   0.0000000000000000        0.0000000000000000        1.0000000000000000        1.2698412698412700E-002
   0.0000000000000000        0.0000000000000000       -1.0000000000000000        1.2698412698412700E-002
   0.0000000000000000       0.70710678118654757       0.70710678118654757        2.2574955908289240E-002
   0.0000000000000000      -0.70710678118654757       0.70710678118654757        2.2574955908289240E-002
   0.0000000000000000       0.70710678118654757      -0.70710678118654757        2.2574955908289240E-002
   0.0000000000000000      -0.70710678118654757      -0.70710678118654757        2.2574955908289240E-002
  0.70710678118654757        0.0000000000000000       0.70710678118654757        2.2574955908289240E-002
 -0.70710678118654757        0.0000000000000000       0.70710678118654757        2.2574955908289240E-002
  0.70710678118654757        0.0000000000000000      -0.70710678118654757        2.2574955908289240E-002
 -0.70710678118654757        0.0000000000000000      -0.70710678118654757        2.2574955908289240E-002
  0.70710678118654757       0.70710678118654757        0.0000000000000000        2.2574955908289240E-002
 -0.70710678118654757       0.70710678118654757        0.0000000000000000        2.2574955908289240E-002
  0.70710678118654757      -0.70710678118654757        0.0000000000000000        2.2574955908289240E-002
 -0.70710678118654757      -0.70710678118654757        0.0000000000000000        2.2574955908289240E-002
  0.57735026918962573       0.57735026918962573       0.57735026918962573        2.1093750000000001E-002
 -0.57735026918962573       0.57735026918962573       0.57735026918962573        2.1093750000000001E-002
  0.57735026918962573      -0.57735026918962573       0.57735026918962573        2.1093750000000001E-002
 -0.57735026918962573      -0.57735026918962573       0.57735026918962573        2.1093750000000001E-002
  0.57735026918962573       0.57735026918962573      -0.57735026918962573        2.1093750000000001E-002
 -0.57735026918962573       0.57735026918962573      -0.57735026918962573        2.1093750000000001E-002
  0.57735026918962573      -0.57735026918962573      -0.57735026918962573        2.1093750000000001E-002
 -0.57735026918962573      -0.57735026918962573      -0.57735026918962573        2.1093750000000001E-002
  0.30151134457776357       0.30151134457776357       0.90453403373329089        2.0173335537918870E-002
 -0.30151134457776357       0.30151134457776357       0.90453403373329089        2.0173335537918870E-002
  0.30151134457776357      -0.30151134457776357       0.90453403373329089        2.0173335537918870E-002
 -0.30151134457776357      -0.30151134457776357       0.90453403373329089        2.0173335537918870E-002
  0.30151134457776357       0.30151134457776357      -0.90453403373329089        2.0173335537918870E-002
 -0.30151134457776357       0.30151134457776357      -0.90453403373329089        2.0173335537918870E-002
  0.30151134457776357      -0.30151134457776357      -0.90453403373329089        2.0173335537918870E-002
 -0.30151134457776357      -0.30151134457776357      -0.90453403373329089        2.0173335537918870E-002
  0.30151134457776357       0.90453403373329089       0.30151134457776357        2.0173335537918870E-002
 -0.30151134457776357       0.90453403373329089       0.30151134457776357        2.0173335537918870E-002
  0.30151134457776357      -0.90453403373329089       0.30151134457776357        2.0173335537918870E-002
 -0.30151134457776357      -0.90453403373329089       0.30151134457776357        2.0173335537918870E-002
  0.30151134457776357       0.90453403373329089      -0.30151134457776357        2.0173335537918870E-002
 -0.30151134457776357       0.90453403373329089      -0.30151134457776357        2.0173335537918870E-002
  0.30151134457776357      -0.90453403373329089      -0.30151134457776357        2.0173335537918870E-002
 -0.30151134457776357      -0.90453403373329089      -0.30151134457776357        2.0173335537918870E-002
  0.90453403373329089       0.30151134457776357       0.30151134457776357        2.0173335537918870E-002
 -0.90453403373329089       0.30151134457776357       0.30151134457776357        2.0173335537918870E-002
  0.90453403373329089      -0.30151134457776357       0.30151134457776357        2.0173335537918870E-002
 -0.90453403373329089      -0.30151134457776357       0.30151134457776357        2.0173335537918870E-002
  0.90453403373329089       0.30151134457776357      -0.30151134457776357        2.0173335537918870E-002
 -0.90453403373329089       0.30151134457776357      -0.30151134457776357        2.0173335537918870E-002
  0.90453403373329089      -0.30151134457776357      -0.30151134457776357        2.0173335537918870E-002
 -0.90453403373329089      -0.30151134457776357      -0.30151134457776357        2.0173335537918870E-002
