   1.0000000000000000        0.0000000000000000        0.0000000000000000        9.5238095238095247E-003
  -1.0000000000000000        0.0000000000000000        0.0000000000000000        9.5238095238095247E-003
   0.0000000000000000        1.0000000000000000        0.0000000000000000        9.5238095238095247E-003
   0.0000000000000000       -1.0000000000000000        0.0000000000000000        9.5238095238095247E-003
   0.0000000000000000        0.0000000000000000        1.0000000000000000        9.5238095238095247E-003
   0.0000000000000000        0.0000000000000000       -1.0000000000000000        9.5238095238095247E-003
  0.57735026918962573       0.57735026918962573       0.57735026918962573        3.2142857142857140E-002
 -0.57735026918962573       0.57735026918962573       0.57735026918962573        3.2142857142857140E-002
  0.57735026918962573      -0.57735026918962573       0.57735026918962573        3.2142857142857140E-002
 -0.57735026918962573      -0.57735026918962573       0.57735026918962573        3.2142857142857140E-002
  0.57735026918962573       0.57735026918962573      -0.57735026918962573        3.2142857142857140E-002
 -0.57735026918962573       0.57735026918962573      -0.57735026918962573        3.2142857142857140E-002
  0.57735026918962573      -0.57735026918962573      -0.57735026918962573        3.2142857142857140E-002
 -0.57735026918962573      -0.57735026918962573      -0.57735026918962573        3.2142857142857140E-002
  0.45970084338098310       0.88807383397711526        0.0000000000000000        2.8571428571428571E-002
 -0.45970084338098310       0.88807383397711526        0.0000000000000000        2.8571428571428571E-002
  0.45970084338098310      -0.88807383397711526        0.0000000000000000        2.8571428571428571E-002
 -0.45970084338098310      -0.88807383397711526        0.0000000000000000        2.8571428571428571E-002
  0.88807383397711526       0.45970084338098310        0.0000000000000000        2.8571428571428571E-002
 -0.88807383397711526       0.45970084338098310        0.0000000000000000        2.8571428571428571E-002
  0.88807383397711526      -0.45970084338098310        0.0000000000000000        2.8571428571428571E-002
 -0.88807383397711526      -0.45970084338098310        0.0000000000000000        2.8571428571428571E-002
  0.45970084338098310        0.0000000000000000       0.88807383397711526        2.8571428571428571E-002
 -0.45970084338098310        0.0000000000000000       0.88807383397711526        2.8571428571428571E-002
  0.45970084338098310        0.0000000000000000      -0.88807383397711526        2.8571428571428571E-002
 -0.45970084338098310        0.0000000000000000      -0.88807383397711526        2.8571428571428571E-002
  0.88807383397711526        0.0000000000000000       0.45970084338098310        2.8571428571428571E-002
 -0.88807383397711526        0.0000000000000000       0.45970084338098310        2.8571428571428571E-002
  0.88807383397711526        0.0000000000000000      -0.45970084338098310        2.8571428571428571E-002
 -0.88807383397711526        0.0000000000000000      -0.45970084338098310        2.8571428571428571E-002
   0.0000000000000000       0.45970084338098310       0.88807383397711526        2.8571428571428571E-002
   0.0000000000000000      -0.45970084338098310       0.88807383397711526        2.8571428571428571E-002
   0.0000000000000000       0.45970084338098310      -0.88807383397711526        2.8571428571428571E-002
   0.0000000000000000      -0.45970084338098310      -0.88807383397711526        2.8571428571428571E-002
   0.0000000000000000       0.88807383397711526       0.45970084338098310        2.8571428571428571E-002
   0.0000000000000000      -0.88807383397711526       0.45970084338098310        2.8571428571428571E-002
   0.0000000000000000       0.88807383397711526      -0.45970084338098310        2.8571428571428571E-002
   0.0000000000000000      -0.88807383397711526      -0.45970084338098310        2.8571428571428571E-002
