   1.0000000000000000        0.0000000000000000        0.0000000000000000        1.7823404472446110E-003
  -1.0000000000000000        0.0000000000000000        0.0000000000000000        1.7823404472446110E-003
   0.0000000000000000        1.0000000000000000        0.0000000000000000        1.7823404472446110E-003
   0.0000000000000000       -1.0000000000000000        0.0000000000000000        1.7823404472446110E-003
   0.0000000000000000        0.0000000000000000        1.0000000000000000        1.7823404472446110E-003
   0.0000000000000000        0.0000000000000000       -1.0000000000000000        1.7823404472446110E-003
   0.0000000000000000       0.70710678118654757       0.70710678118654757        5.7169059499771017E-003
   0.0000000000000000      -0.70710678118654757       0.70710678118654757        5.7169059499771017E-003
   0.0000000000000000       0.70710678118654757      -0.70710678118654757        5.7169059499771017E-003
   0.0000000000000000      -0.70710678118654757      -0.70710678118654757        5.7169059499771017E-003
  0.70710678118654757        0.0000000000000000       0.70710678118654757        5.7169059499771017E-003
 -0.70710678118654757        0.0000000000000000       0.70710678118654757        5.7169059499771017E-003
  0.70710678118654757        0.0000000000000000      -0.70710678118654757        5.7169059499771017E-003
 -0.70710678118654757        0.0000000000000000      -0.70710678118654757        5.7169059499771017E-003
  0.70710678118654757       0.70710678118654757        0.0000000000000000        5.7169059499771017E-003
 -0.70710678118654757       0.70710678118654757        0.0000000000000000        5.7169059499771017E-003
  0.70710678118654757      -0.70710678118654757        0.0000000000000000        5.7169059499771017E-003
 -0.70710678118654757      -0.70710678118654757        0.0000000000000000        5.7169059499771017E-003
  0.57735026918962573       0.57735026918962573       0.57735026918962573        5.5733831788487382E-003
 -0.57735026918962573       0.57735026918962573       0.57735026918962573        5.5733831788487382E-003
  0.57735026918962573      -0.57735026918962573       0.57735026918962573        5.5733831788487382E-003
 -0.57735026918962573      -0.57735026918962573       0.57735026918962573        5.5733831788487382E-003
  0.57735026918962573       0.57735026918962573      -0.57735026918962573        5.5733831788487382E-003
 -0.57735026918962573       0.57735026918962573      -0.57735026918962573        5.5733831788487382E-003
  0.57735026918962573      -0.57735026918962573      -0.57735026918962573        5.5733831788487382E-003
 -0.57735026918962573      -0.57735026918962573      -0.57735026918962573        5.5733831788487382E-003
  0.67129734426952259       0.67129734426952259       0.31419699418258629        5.6087040825879972E-003
 -0.67129734426952259       0.67129734426952259       0.31419699418258629        5.6087040825879972E-003
  0.67129734426952259      -0.67129734426952259       0.31419699418258629        5.6087040825879972E-003
 -0.67129734426952259      -0.67129734426952259       0.31419699418258629        5.6087040825879972E-003
  0.67129734426952259       0.67129734426952259      -0.31419699418258629        5.6087040825879972E-003
 -0.67129734426952259       0.67129734426952259      -0.31419699418258629        5.6087040825879972E-003
  0.67129734426952259      -0.67129734426952259      -0.31419699418258629        5.6087040825879972E-003
 -0.67129734426952259      -0.67129734426952259      -0.31419699418258629        5.6087040825879972E-003
  0.67129734426952259       0.31419699418258629       0.67129734426952259        5.6087040825879972E-003
 -0.67129734426952259       0.31419699418258629       0.67129734426952259        5.6087040825879972E-003
  0.67129734426952259      -0.31419699418258629       0.67129734426952259        5.6087040825879972E-003
 -0.67129734426952259      -0.31419699418258629       0.67129734426952259        5.6087040825879972E-003
  0.67129734426952259       0.31419699418258629      -0.67129734426952259        5.6087040825879972E-003
 -0.67129734426952259       0.31419699418258629      -0.67129734426952259        5.6087040825879972E-003
  0.67129734426952259      -0.31419699418258629      -0.67129734426952259        5.6087040825879972E-003
 -0.67129734426952259      -0.31419699418258629      -0.67129734426952259        5.6087040825879972E-003
  0.31419699418258629       0.67129734426952259       0.67129734426952259        5.6087040825879972E-003
 -0.31419699418258629       0.67129734426952259       0.67129734426952259        5.6087040825879972E-003
  0.31419699418258629      -0.67129734426952259       0.67129734426952259        5.6087040825879972E-003
 -0.31419699418258629      -0.67129734426952259       0.67129734426952259        5.6087040825879972E-003
  0.31419699418258629       0.67129734426952259      -0.67129734426952259        5.6087040825879972E-003
 -0.31419699418258629       0.67129734426952259      -0.67129734426952259        5.6087040825879972E-003
  0.31419699418258629      -0.67129734426952259      -0.67129734426952259        5.6087040825879972E-003
 -0.31419699418258629      -0.67129734426952259      -0.67129734426952259        5.6087040825879972E-003
  0.28924656275754390       0.28924656275754390       0.91250909686747372        5.1582377118053833E-003
 -0.28924656275754390       0.28924656275754390       0.91250909686747372        5.1582377118053833E-003
  0.28924656275754390      -0.28924656275754390       0.91250909686747372        5.1582377118053833E-003
 -0.28924656275754390      -0.28924656275754390       0.91250909686747372        5.1582377118053833E-003
  0.28924656275754390       0.28924656275754390      -0.91250909686747372        5.1582377118053833E-003
 -0.28924656275754390       0.28924656275754390      -0.91250909686747372        5.1582377118053833E-003
  0.28924656275754390      -0.28924656275754390      -0.91250909686747372        5.1582377118053833E-003
 -0.28924656275754390      -0.28924656275754390      -0.91250909686747372        5.1582377118053833E-003
  0.28924656275754390       0.91250909686747372       0.28924656275754390        5.1582377118053833E-003
 -0.28924656275754390       0.91250909686747372       0.28924656275754390        5.1582377118053833E-003
  0.28924656275754390      -0.91250909686747372       0.28924656275754390        5.1582377118053833E-003
 -0.28924656275754390      -0.91250909686747372       0.28924656275754390        5.1582377118053833E-003
  0.28924656275754390       0.91250909686747372      -0.28924656275754390        5.1582377118053833E-003
 -0.28924656275754390       0.91250909686747372      -0.28924656275754390        5.1582377118053833E-003
  0.28924656275754390      -0.91250909686747372      -0.28924656275754390        5.1582377118053833E-003
 -0.28924656275754390      -0.91250909686747372      -0.28924656275754390        5.1582377118053833E-003
  0.91250909686747372       0.28924656275754390       0.28924656275754390        5.1582377118053833E-003
 -0.91250909686747372       0.28924656275754390       0.28924656275754390        5.1582377118053833E-003
  0.91250909686747372      -0.28924656275754390       0.28924656275754390        5.1582377118053833E-003
 -0.91250909686747372      -0.28924656275754390       0.28924656275754390        5.1582377118053833E-003
  0.91250909686747372       0.28924656275754390      -0.28924656275754390        5.1582377118053833E-003
 -0.91250909686747372       0.28924656275754390      -0.28924656275754390        5.1582377118053833E-003
  0.91250909686747372      -0.28924656275754390      -0.28924656275754390        5.1582377118053833E-003
 -0.91250909686747372      -0.28924656275754390      -0.28924656275754390        5.1582377118053833E-003
  0.44469331787174371       0.44469331787174371       0.77749321931476711        5.5187714672736143E-003
 -0.44469331787174371       0.44469331787174371       0.77749321931476711        5.5187714672736143E-003
  0.44469331787174371      -0.44469331787174371       0.77749321931476711        5.5187714672736143E-003
 -0.44469331787174371      -0.44469331787174371       0.77749321931476711        5.5187714672736143E-003
  0.44469331787174371       0.44469331787174371      -0.77749321931476711        5.5187714672736143E-003
 -0.44469331787174371       0.44469331787174371      -0.77749321931476711        5.5187714672736143E-003
  0.44469331787174371      -0.44469331787174371      -0.77749321931476711        5.5187714672736143E-003
 -0.44469331787174371      -0.44469331787174371      -0.77749321931476711        5.5187714672736143E-003
  0.44469331787174371       0.77749321931476711       0.44469331787174371        5.5187714672736143E-003
 -0.44469331787174371       0.77749321931476711       0.44469331787174371        5.5187714672736143E-003
  0.44469331787174371      -0.77749321931476711       0.44469331787174371        5.5187714672736143E-003
 -0.44469331787174371      -0.77749321931476711       0.44469331787174371        5.5187714672736143E-003
  0.44469331787174371       0.77749321931476711      -0.44469331787174371        5.5187714672736143E-003
 -0.44469331787174371       0.77749321931476711      -0.44469331787174371        5.5187714672736143E-003
  0.44469331787174371      -0.77749321931476711      -0.44469331787174371        5.5187714672736143E-003
 -0.44469331787174371      -0.77749321931476711      -0.44469331787174371        5.5187714672736143E-003
  0.77749321931476711       0.44469331787174371       0.44469331787174371        5.5187714672736143E-003
 -0.77749321931476711       0.44469331787174371       0.44469331787174371        5.5187714672736143E-003
  0.77749321931476711      -0.44469331787174371       0.44469331787174371        5.5187714672736143E-003
 -0.77749321931476711      -0.44469331787174371       0.44469331787174371        5.5187714672736143E-003
  0.77749321931476711       0.44469331787174371      -0.44469331787174371        5.5187714672736143E-003
 -0.77749321931476711       0.44469331787174371      -0.44469331787174371        5.5187714672736143E-003
  0.77749321931476711      -0.44469331787174371      -0.44469331787174371        5.5187714672736143E-003
 -0.77749321931476711      -0.44469331787174371      -0.44469331787174371        5.5187714672736143E-003
  0.12993354476500671       0.12993354476500671       0.98297230270725322        4.1067770281693937E-003
 -0.12993354476500671       0.12993354476500671       0.98297230270725322        4.1067770281693937E-003
  0.12993354476500671      -0.12993354476500671       0.98297230270725322        4.1067770281693937E-003
 -0.12993354476500671      -0.12993354476500671       0.98297230270725322        4.1067770281693937E-003
  0.12993354476500671       0.12993354476500671      -0.98297230270725322        4.1067770281693937E-003
 -0.12993354476500671       0.12993354476500671      -0.98297230270725322        4.1067770281693937E-003
  0.12993354476500671      -0.12993354476500671      -0.98297230270725322        4.1067770281693937E-003
 -0.12993354476500671      -0.12993354476500671      -0.98297230270725322        4.1067770281693937E-003
  0.12993354476500671       0.98297230270725322       0.12993354476500671        4.1067770281693937E-003
 -0.12993354476500671       0.98297230270725322       0.12993354476500671        4.1067770281693937E-003
  0.12993354476500671      -0.98297230270725322       0.12993354476500671        4.1067770281693937E-003
 -0.12993354476500671      -0.98297230270725322       0.12993354476500671        4.1067770281693937E-003
  0.12993354476500671       0.98297230270725322      -0.12993354476500671        4.1067770281693937E-003
 -0.12993354476500671       0.98297230270725322      -0.12993354476500671        4.1067770281693937E-003
  0.12993354476500671      -0.98297230270725322      -0.12993354476500671        4.1067770281693937E-003
 -0.12993354476500671      -0.98297230270725322      -0.12993354476500671        4.1067770281693937E-003
  0.98297230270725322       0.12993354476500671       0.12993354476500671        4.1067770281693937E-003
 -0.98297230270725322       0.12993354476500671       0.12993354476500671        4.1067770281693937E-003
  0.98297230270725322      -0.12993354476500671       0.12993354476500671        4.1067770281693937E-003
 -0.98297230270725322      -0.12993354476500671       0.12993354476500671        4.1067770281693937E-003
  0.98297230270725322       0.12993354476500671      -0.12993354476500671        4.1067770281693937E-003
 -0.98297230270725322       0.12993354476500671      -0.12993354476500671        4.1067770281693937E-003
  0.98297230270725322      -0.12993354476500671      -0.12993354476500671        4.1067770281693937E-003
 -0.98297230270725322      -0.12993354476500671      -0.12993354476500671        4.1067770281693937E-003
  0.34577021976112832       0.93831921813759156        0.0000000000000000        5.0518460646148079E-003
 -0.34577021976112832       0.93831921813759156        0.0000000000000000        5.0518460646148079E-003
  0.34577021976112832      -0.93831921813759156        0.0000000000000000        5.0518460646148079E-003
 -0.34577021976112832      -0.93831921813759156        0.0000000000000000        5.0518460646148079E-003
  0.93831921813759156       0.34577021976112832        0.0000000000000000        5.0518460646148079E-003
 -0.93831921813759156       0.34577021976112832        0.0000000000000000        5.0518460646148079E-003
  0.93831921813759156      -0.34577021976112832        0.0000000000000000        5.0518460646148079E-003
 -0.93831921813759156      -0.34577021976112832        0.0000000000000000        5.0518460646148079E-003
  0.34577021976112832        0.0000000000000000       0.93831921813759156        5.0518460646148079E-003
 -0.34577021976112832        0.0000000000000000       0.93831921813759156        5.0518460646148079E-003
  0.34577021976112832        0.0000000000000000      -0.93831921813759156        5.0518460646148079E-003
 -0.34577021976112832        0.0000000000000000      -0.93831921813759156        5.0518460646148079E-003
  0.93831921813759156        0.0000000000000000       0.34577021976112832        5.0518460646148079E-003
 -0.93831921813759156        0.0000000000000000       0.34577021976112832        5.0518460646148079E-003
  0.93831921813759156        0.0000000000000000      -0.34577021976112832        5.0518460646148079E-003
 -0.93831921813759156        0.0000000000000000      -0.34577021976112832        5.0518460646148079E-003
   0.0000000000000000       0.34577021976112832       0.93831921813759156        5.0518460646148079E-003
   0.0000000000000000      -0.34577021976112832       0.93831921813759156        5.0518460646148079E-003
   0.0000000000000000       0.34577021976112832      -0.93831921813759156        5.0518460646148079E-003
   0.0000000000000000      -0.34577021976112832      -0.93831921813759156        5.0518460646148079E-003
   0.0000000000000000       0.93831921813759156       0.34577021976112832        5.0518460646148079E-003
   0.0000000000000000      -0.93831921813759156       0.34577021976112832        5.0518460646148079E-003
   0.0000000000000000       0.93831921813759156      -0.34577021976112832        5.0518460646148079E-003
   0.0000000000000000      -0.93831921813759156      -0.34577021976112832        5.0518460646148079E-003
  0.15904171053835300       0.83603601548245887       0.52511857244364202        5.5302489162330944E-003
 -0.15904171053835300       0.83603601548245887       0.52511857244364202        5.5302489162330944E-003
  0.15904171053835300      -0.83603601548245887       0.52511857244364202        5.5302489162330944E-003
 -0.15904171053835300      -0.83603601548245887       0.52511857244364202        5.5302489162330944E-003
  0.15904171053835300       0.83603601548245887      -0.52511857244364202        5.5302489162330944E-003
 -0.15904171053835300       0.83603601548245887      -0.52511857244364202        5.5302489162330944E-003
  0.15904171053835300      -0.83603601548245887      -0.52511857244364202        5.5302489162330944E-003
 -0.15904171053835300      -0.83603601548245887      -0.52511857244364202        5.5302489162330944E-003
  0.15904171053835300       0.52511857244364202       0.83603601548245887        5.5302489162330944E-003
 -0.15904171053835300       0.52511857244364202       0.83603601548245887        5.5302489162330944E-003
  0.15904171053835300      -0.52511857244364202       0.83603601548245887        5.5302489162330944E-003
 -0.15904171053835300      -0.52511857244364202       0.83603601548245887        5.5302489162330944E-003
  0.15904171053835300       0.52511857244364202      -0.83603601548245887        5.5302489162330944E-003
 -0.15904171053835300       0.52511857244364202      -0.83603601548245887        5.5302489162330944E-003
  0.15904171053835300      -0.52511857244364202      -0.83603601548245887        5.5302489162330944E-003
 -0.15904171053835300      -0.52511857244364202      -0.83603601548245887        5.5302489162330944E-003
  0.83603601548245887       0.15904171053835300       0.52511857244364202        5.5302489162330944E-003
 -0.83603601548245887       0.15904171053835300       0.52511857244364202        5.5302489162330944E-003
  0.83603601548245887      -0.15904171053835300       0.52511857244364202        5.5302489162330944E-003
 -0.83603601548245887      -0.15904171053835300       0.52511857244364202        5.5302489162330944E-003
  0.83603601548245887       0.15904171053835300      -0.52511857244364202        5.5302489162330944E-003
 -0.83603601548245887       0.15904171053835300      -0.52511857244364202        5.5302489162330944E-003
  0.83603601548245887      -0.15904171053835300      -0.52511857244364202        5.5302489162330944E-003
 -0.83603601548245887      -0.15904171053835300      -0.52511857244364202        5.5302489162330944E-003
  0.83603601548245887       0.52511857244364202       0.15904171053835300        5.5302489162330944E-003
 -0.83603601548245887       0.52511857244364202       0.15904171053835300        5.5302489162330944E-003
  0.83603601548245887      -0.52511857244364202       0.15904171053835300        5.5302489162330944E-003
 -0.83603601548245887      -0.52511857244364202       0.15904171053835300        5.5302489162330944E-003
  0.83603601548245887       0.52511857244364202      -0.15904171053835300        5.5302489162330944E-003
 -0.83603601548245887       0.52511857244364202      -0.15904171053835300        5.5302489162330944E-003
  0.83603601548245887      -0.52511857244364202      -0.15904171053835300        5.5302489162330944E-003
 -0.83603601548245887      -0.52511857244364202      -0.15904171053835300        5.5302489162330944E-003
  0.52511857244364202       0.15904171053835300       0.83603601548245887        5.5302489162330944E-003
 -0.52511857244364202       0.15904171053835300       0.83603601548245887        5.5302489162330944E-003
  0.52511857244364202      -0.15904171053835300       0.83603601548245887        5.5302489162330944E-003
 -0.52511857244364202      -0.15904171053835300       0.83603601548245887        5.5302489162330944E-003
  0.52511857244364202       0.15904171053835300      -0.83603601548245887        5.5302489162330944E-003
 -0.52511857244364202       0.15904171053835300      -0.83603601548245887        5.5302489162330944E-003
  0.52511857244364202      -0.15904171053835300      -0.83603601548245887        5.5302489162330944E-003
 -0.52511857244364202      -0.15904171053835300      -0.83603601548245887        5.5302489162330944E-003
  0.52511857244364202       0.83603601548245887       0.15904171053835300        5.5302489162330944E-003
 -0.52511857244364202       0.83603601548245887       0.15904171053835300        5.5302489162330944E-003
  0.52511857244364202      -0.83603601548245887       0.15904171053835300        5.5302489162330944E-003
 -0.52511857244364202      -0.83603601548245887       0.15904171053835300        5.5302489162330944E-003
  0.52511857244364202       0.83603601548245887      -0.15904171053835300        5.5302489162330944E-003
 -0.52511857244364202       0.83603601548245887      -0.15904171053835300        5.5302489162330944E-003
  0.52511857244364202      -0.83603601548245887      -0.15904171053835300        5.5302489162330944E-003
 -0.52511857244364202      -0.83603601548245887      -0.15904171053835300        5.5302489162330944E-003
