   1.0000000000000000        0.0000000000000000        0.0000000000000000        5.9963136886213809E-004
  -1.0000000000000000        0.0000000000000000        0.0000000000000000        5.9963136886213809E-004
   0.0000000000000000        1.0000000000000000        0.0000000000000000        5.9963136886213809E-004
   0.0000000000000000       -1.0000000000000000        0.0000000000000000        5.9963136886213809E-004
   0.0000000000000000        0.0000000000000000        1.0000000000000000        5.9963136886213809E-004
   0.0000000000000000        0.0000000000000000       -1.0000000000000000        5.9963136886213809E-004
   0.0000000000000000       0.70710678118654757       0.70710678118654757        7.3729997186207557E-003
   0.0000000000000000      -0.70710678118654757       0.70710678118654757        7.3729997186207557E-003
   0.0000000000000000       0.70710678118654757      -0.70710678118654757        7.3729997186207557E-003
   0.0000000000000000      -0.70710678118654757      -0.70710678118654757        7.3729997186207557E-003
  0.70710678118654757        0.0000000000000000       0.70710678118654757        7.3729997186207557E-003
 -0.70710678118654757        0.0000000000000000       0.70710678118654757        7.3729997186207557E-003
  0.70710678118654757        0.0000000000000000      -0.70710678118654757        7.3729997186207557E-003
 -0.70710678118654757        0.0000000000000000      -0.70710678118654757        7.3729997186207557E-003
  0.70710678118654757       0.70710678118654757        0.0000000000000000        7.3729997186207557E-003
 -0.70710678118654757       0.70710678118654757        0.0000000000000000        7.3729997186207557E-003
  0.70710678118654757      -0.70710678118654757        0.0000000000000000        7.3729997186207557E-003
 -0.70710678118654757      -0.70710678118654757        0.0000000000000000        7.3729997186207557E-003
  0.57735026918962573       0.57735026918962573       0.57735026918962573        7.2105153601444878E-003
 -0.57735026918962573       0.57735026918962573       0.57735026918962573        7.2105153601444878E-003
  0.57735026918962573      -0.57735026918962573       0.57735026918962573        7.2105153601444878E-003
 -0.57735026918962573      -0.57735026918962573       0.57735026918962573        7.2105153601444878E-003
  0.57735026918962573       0.57735026918962573      -0.57735026918962573        7.2105153601444878E-003
 -0.57735026918962573       0.57735026918962573      -0.57735026918962573        7.2105153601444878E-003
  0.57735026918962573      -0.57735026918962573      -0.57735026918962573        7.2105153601444878E-003
 -0.57735026918962573      -0.57735026918962573      -0.57735026918962573        7.2105153601444878E-003
  0.67644104001142635       0.67644104001142635       0.29129888220952682        7.1163554931175550E-003
 -0.67644104001142635       0.67644104001142635       0.29129888220952682        7.1163554931175550E-003
  0.67644104001142635      -0.67644104001142635       0.29129888220952682        7.1163554931175550E-003
 -0.67644104001142635      -0.67644104001142635       0.29129888220952682        7.1163554931175550E-003
  0.67644104001142635       0.67644104001142635      -0.29129888220952682        7.1163554931175550E-003
 -0.67644104001142635       0.67644104001142635      -0.29129888220952682        7.1163554931175550E-003
  0.67644104001142635      -0.67644104001142635      -0.29129888220952682        7.1163554931175550E-003
 -0.67644104001142635      -0.67644104001142635      -0.29129888220952682        7.1163554931175550E-003
  0.67644104001142635       0.29129888220952682       0.67644104001142635        7.1163554931175550E-003
 -0.67644104001142635       0.29129888220952682       0.67644104001142635        7.1163554931175550E-003
  0.67644104001142635      -0.29129888220952682       0.67644104001142635        7.1163554931175550E-003
 -0.67644104001142635      -0.29129888220952682       0.67644104001142635        7.1163554931175550E-003
  0.67644104001142635       0.29129888220952682      -0.67644104001142635        7.1163554931175550E-003
 -0.67644104001142635       0.29129888220952682      -0.67644104001142635        7.1163554931175550E-003
  0.67644104001142635      -0.29129888220952682      -0.67644104001142635        7.1163554931175550E-003
 -0.67644104001142635      -0.29129888220952682      -0.67644104001142635        7.1163554931175550E-003
  0.29129888220952682       0.67644104001142635       0.67644104001142635        7.1163554931175550E-003
 -0.29129888220952682       0.67644104001142635       0.67644104001142635        7.1163554931175550E-003
  0.29129888220952682      -0.67644104001142635       0.67644104001142635        7.1163554931175550E-003
 -0.29129888220952682      -0.67644104001142635       0.67644104001142635        7.1163554931175550E-003
  0.29129888220952682       0.67644104001142635      -0.67644104001142635        7.1163554931175550E-003
 -0.29129888220952682       0.67644104001142635      -0.67644104001142635        7.1163554931175550E-003
  0.29129888220952682      -0.67644104001142635      -0.67644104001142635        7.1163554931175550E-003
 -0.29129888220952682      -0.67644104001142635      -0.67644104001142635        7.1163554931175550E-003
  0.41749612279654530       0.41749612279654530       0.80708981835958260        6.7538294863144768E-003
 -0.41749612279654530       0.41749612279654530       0.80708981835958260        6.7538294863144768E-003
  0.41749612279654530      -0.41749612279654530       0.80708981835958260        6.7538294863144768E-003
 -0.41749612279654530      -0.41749612279654530       0.80708981835958260        6.7538294863144768E-003
  0.41749612279654530       0.41749612279654530      -0.80708981835958260        6.7538294863144768E-003
 -0.41749612279654530       0.41749612279654530      -0.80708981835958260        6.7538294863144768E-003
  0.41749612279654530      -0.41749612279654530      -0.80708981835958260        6.7538294863144768E-003
 -0.41749612279654530      -0.41749612279654530      -0.80708981835958260        6.7538294863144768E-003
  0.41749612279654530       0.80708981835958260       0.41749612279654530        6.7538294863144768E-003
 -0.41749612279654530       0.80708981835958260       0.41749612279654530        6.7538294863144768E-003
  0.41749612279654530      -0.80708981835958260       0.41749612279654530        6.7538294863144768E-003
 -0.41749612279654530      -0.80708981835958260       0.41749612279654530        6.7538294863144768E-003
  0.41749612279654530       0.80708981835958260      -0.41749612279654530        6.7538294863144768E-003
 -0.41749612279654530       0.80708981835958260      -0.41749612279654530        6.7538294863144768E-003
  0.41749612279654530      -0.80708981835958260      -0.41749612279654530        6.7538294863144768E-003
 -0.41749612279654530      -0.80708981835958260      -0.41749612279654530        6.7538294863144768E-003
  0.80708981835958260       0.41749612279654530       0.41749612279654530        6.7538294863144768E-003
 -0.80708981835958260       0.41749612279654530       0.41749612279654530        6.7538294863144768E-003
  0.80708981835958260      -0.41749612279654530       0.41749612279654530        6.7538294863144768E-003
 -0.80708981835958260      -0.41749612279654530       0.41749612279654530        6.7538294863144768E-003
  0.80708981835958260       0.41749612279654530      -0.41749612279654530        6.7538294863144768E-003
 -0.80708981835958260       0.41749612279654530      -0.41749612279654530        6.7538294863144768E-003
  0.80708981835958260      -0.41749612279654530      -0.41749612279654530        6.7538294863144768E-003
 -0.80708981835958260      -0.41749612279654530      -0.41749612279654530        6.7538294863144768E-003
  0.15746766720390820       0.15746766720390820       0.97488864367717321        7.5743941590540338E-003
 -0.15746766720390820       0.15746766720390820       0.97488864367717321        7.5743941590540338E-003
  0.15746766720390820      -0.15746766720390820       0.97488864367717321        7.5743941590540338E-003
 -0.15746766720390820      -0.15746766720390820       0.97488864367717321        7.5743941590540338E-003
  0.15746766720390820       0.15746766720390820      -0.97488864367717321        7.5743941590540338E-003
 -0.15746766720390820       0.15746766720390820      -0.97488864367717321        7.5743941590540338E-003
  0.15746766720390820      -0.15746766720390820      -0.97488864367717321        7.5743941590540338E-003
 -0.15746766720390820      -0.15746766720390820      -0.97488864367717321        7.5743941590540338E-003
  0.15746766720390820       0.97488864367717321       0.15746766720390820        7.5743941590540338E-003
 -0.15746766720390820       0.97488864367717321       0.15746766720390820        7.5743941590540338E-003
  0.15746766720390820      -0.97488864367717321       0.15746766720390820        7.5743941590540338E-003
 -0.15746766720390820      -0.97488864367717321       0.15746766720390820        7.5743941590540338E-003
  0.15746766720390820       0.97488864367717321      -0.15746766720390820        7.5743941590540338E-003
 -0.15746766720390820       0.97488864367717321      -0.15746766720390820        7.5743941590540338E-003
  0.15746766720390820      -0.97488864367717321      -0.15746766720390820        7.5743941590540338E-003
 -0.15746766720390820      -0.97488864367717321      -0.15746766720390820        7.5743941590540338E-003
  0.97488864367717321       0.15746766720390820       0.15746766720390820        7.5743941590540338E-003
 -0.97488864367717321       0.15746766720390820       0.15746766720390820        7.5743941590540338E-003
  0.97488864367717321      -0.15746766720390820       0.15746766720390820        7.5743941590540338E-003
 -0.97488864367717321      -0.15746766720390820       0.15746766720390820        7.5743941590540338E-003
  0.97488864367717321       0.15746766720390820      -0.15746766720390820        7.5743941590540338E-003
 -0.97488864367717321       0.15746766720390820      -0.15746766720390820        7.5743941590540338E-003
  0.97488864367717321      -0.15746766720390820      -0.15746766720390820        7.5743941590540338E-003
 -0.97488864367717321      -0.15746766720390820      -0.15746766720390820        7.5743941590540338E-003
  0.14035538117131829       0.44933283232695570       0.88227001126032267        6.9910873533032616E-003
 -0.14035538117131829       0.44933283232695570       0.88227001126032267        6.9910873533032616E-003
  0.14035538117131829      -0.44933283232695570       0.88227001126032267        6.9910873533032616E-003
 -0.14035538117131829      -0.44933283232695570       0.88227001126032267        6.9910873533032616E-003
  0.14035538117131829       0.44933283232695570      -0.88227001126032267        6.9910873533032616E-003
 -0.14035538117131829       0.44933283232695570      -0.88227001126032267        6.9910873533032616E-003
  0.14035538117131829      -0.44933283232695570      -0.88227001126032267        6.9910873533032616E-003
 -0.14035538117131829      -0.44933283232695570      -0.88227001126032267        6.9910873533032616E-003
  0.14035538117131829       0.88227001126032267       0.44933283232695570        6.9910873533032616E-003
 -0.14035538117131829       0.88227001126032267       0.44933283232695570        6.9910873533032616E-003
  0.14035538117131829      -0.88227001126032267       0.44933283232695570        6.9910873533032616E-003
 -0.14035538117131829      -0.88227001126032267       0.44933283232695570        6.9910873533032616E-003
  0.14035538117131829       0.88227001126032267      -0.44933283232695570        6.9910873533032616E-003
 -0.14035538117131829       0.88227001126032267      -0.44933283232695570        6.9910873533032616E-003
  0.14035538117131829      -0.88227001126032267      -0.44933283232695570        6.9910873533032616E-003
 -0.14035538117131829      -0.88227001126032267      -0.44933283232695570        6.9910873533032616E-003
  0.44933283232695570       0.14035538117131829       0.88227001126032267        6.9910873533032616E-003
 -0.44933283232695570       0.14035538117131829       0.88227001126032267        6.9910873533032616E-003
  0.44933283232695570      -0.14035538117131829       0.88227001126032267        6.9910873533032616E-003
 -0.44933283232695570      -0.14035538117131829       0.88227001126032267        6.9910873533032616E-003
  0.44933283232695570       0.14035538117131829      -0.88227001126032267        6.9910873533032616E-003
 -0.44933283232695570       0.14035538117131829      -0.88227001126032267        6.9910873533032616E-003
  0.44933283232695570      -0.14035538117131829      -0.88227001126032267        6.9910873533032616E-003
 -0.44933283232695570      -0.14035538117131829      -0.88227001126032267        6.9910873533032616E-003
  0.44933283232695570       0.88227001126032267       0.14035538117131829        6.9910873533032616E-003
 -0.44933283232695570       0.88227001126032267       0.14035538117131829        6.9910873533032616E-003
  0.44933283232695570      -0.88227001126032267       0.14035538117131829        6.9910873533032616E-003
 -0.44933283232695570      -0.88227001126032267       0.14035538117131829        6.9910873533032616E-003
  0.44933283232695570       0.88227001126032267      -0.14035538117131829        6.9910873533032616E-003
 -0.44933283232695570       0.88227001126032267      -0.14035538117131829        6.9910873533032616E-003
  0.44933283232695570      -0.88227001126032267      -0.14035538117131829        6.9910873533032616E-003
 -0.44933283232695570      -0.88227001126032267      -0.14035538117131829        6.9910873533032616E-003
  0.88227001126032267       0.14035538117131829       0.44933283232695570        6.9910873533032616E-003
 -0.88227001126032267       0.14035538117131829       0.44933283232695570        6.9910873533032616E-003
  0.88227001126032267      -0.14035538117131829       0.44933283232695570        6.9910873533032616E-003
 -0.88227001126032267      -0.14035538117131829       0.44933283232695570        6.9910873533032616E-003
  0.88227001126032267       0.14035538117131829      -0.44933283232695570        6.9910873533032616E-003
 -0.88227001126032267       0.14035538117131829      -0.44933283232695570        6.9910873533032616E-003
  0.88227001126032267      -0.14035538117131829      -0.44933283232695570        6.9910873533032616E-003
 -0.88227001126032267      -0.14035538117131829      -0.44933283232695570        6.9910873533032616E-003
  0.88227001126032267       0.44933283232695570       0.14035538117131829        6.9910873533032616E-003
 -0.88227001126032267       0.44933283232695570       0.14035538117131829        6.9910873533032616E-003
  0.88227001126032267      -0.44933283232695570       0.14035538117131829        6.9910873533032616E-003
 -0.88227001126032267      -0.44933283232695570       0.14035538117131829        6.9910873533032616E-003
  0.88227001126032267       0.44933283232695570      -0.14035538117131829        6.9910873533032616E-003
 -0.88227001126032267       0.44933283232695570      -0.14035538117131829        6.9910873533032616E-003
  0.88227001126032267      -0.44933283232695570      -0.14035538117131829        6.9910873533032616E-003
 -0.88227001126032267      -0.44933283232695570      -0.14035538117131829        6.9910873533032616E-003
