   1.0000000000000000        0.0000000000000000        0.0000000000000000       -1.3137691273269519E-003
  -1.0000000000000000        0.0000000000000000        0.0000000000000000       -1.3137691273269519E-003
   0.0000000000000000        1.0000000000000000        0.0000000000000000       -1.3137691273269519E-003
   0.0000000000000000       -1.0000000000000000        0.0000000000000000       -1.3137691273269519E-003
   0.0000000000000000        0.0000000000000000        1.0000000000000000       -1.3137691273269519E-003
   0.0000000000000000        0.0000000000000000       -1.0000000000000000       -1.3137691273269519E-003
   0.0000000000000000       0.70710678118654757       0.70710678118654757       -2.5227287048593360E-003
   0.0000000000000000      -0.70710678118654757       0.70710678118654757       -2.5227287048593360E-003
   0.0000000000000000       0.70710678118654757      -0.70710678118654757       -2.5227287048593360E-003
   0.0000000000000000      -0.70710678118654757      -0.70710678118654757       -2.5227287048593360E-003
  0.70710678118654757        0.0000000000000000       0.70710678118654757       -2.5227287048593360E-003
 -0.70710678118654757        0.0000000000000000       0.70710678118654757       -2.5227287048593360E-003
  0.70710678118654757        0.0000000000000000      -0.70710678118654757       -2.5227287048593360E-003
 -0.70710678118654757        0.0000000000000000      -0.70710678118654757       -2.5227287048593360E-003
  0.70710678118654757       0.70710678118654757        0.0000000000000000       -2.5227287048593360E-003
 -0.70710678118654757       0.70710678118654757        0.0000000000000000       -2.5227287048593360E-003
  0.70710678118654757      -0.70710678118654757        0.0000000000000000       -2.5227287048593360E-003
 -0.70710678118654757      -0.70710678118654757        0.0000000000000000       -2.5227287048593360E-003
  0.57735026918962573       0.57735026918962573       0.57735026918962573        4.1868538817005831E-003
 -0.57735026918962573       0.57735026918962573       0.57735026918962573        4.1868538817005831E-003
  0.57735026918962573      -0.57735026918962573       0.57735026918962573        4.1868538817005831E-003
 -0.57735026918962573      -0.57735026918962573       0.57735026918962573        4.1868538817005831E-003
  0.57735026918962573       0.57735026918962573      -0.57735026918962573        4.1868538817005831E-003
 -0.57735026918962573       0.57735026918962573      -0.57735026918962573        4.1868538817005831E-003
  0.57735026918962573      -0.57735026918962573      -0.57735026918962573        4.1868538817005831E-003
 -0.57735026918962573      -0.57735026918962573      -0.57735026918962573        4.1868538817005831E-003
  0.70393733915854750       0.70393733915854750        9.4575076403713099E-002   5.3151679778108852E-003
 -0.70393733915854750       0.70393733915854750        9.4575076403713099E-002   5.3151679778108852E-003
  0.70393733915854750      -0.70393733915854750        9.4575076403713099E-002   5.3151679778108852E-003
 -0.70393733915854750      -0.70393733915854750        9.4575076403713099E-002   5.3151679778108852E-003
  0.70393733915854750       0.70393733915854750       -9.4575076403713099E-002   5.3151679778108852E-003
 -0.70393733915854750       0.70393733915854750       -9.4575076403713099E-002   5.3151679778108852E-003
  0.70393733915854750      -0.70393733915854750       -9.4575076403713099E-002   5.3151679778108852E-003
 -0.70393733915854750      -0.70393733915854750       -9.4575076403713099E-002   5.3151679778108852E-003
  0.70393733915854750        9.4575076403713099E-002  0.70393733915854750        5.3151679778108852E-003
 -0.70393733915854750        9.4575076403713099E-002  0.70393733915854750        5.3151679778108852E-003
  0.70393733915854750       -9.4575076403713099E-002  0.70393733915854750        5.3151679778108852E-003
 -0.70393733915854750       -9.4575076403713099E-002  0.70393733915854750        5.3151679778108852E-003
  0.70393733915854750        9.4575076403713099E-002 -0.70393733915854750        5.3151679778108852E-003
 -0.70393733915854750        9.4575076403713099E-002 -0.70393733915854750        5.3151679778108852E-003
  0.70393733915854750       -9.4575076403713099E-002 -0.70393733915854750        5.3151679778108852E-003
 -0.70393733915854750       -9.4575076403713099E-002 -0.70393733915854750        5.3151679778108852E-003
   9.4575076403713099E-002  0.70393733915854750       0.70393733915854750        5.3151679778108852E-003
  -9.4575076403713099E-002  0.70393733915854750       0.70393733915854750        5.3151679778108852E-003
   9.4575076403713099E-002 -0.70393733915854750       0.70393733915854750        5.3151679778108852E-003
  -9.4575076403713099E-002 -0.70393733915854750       0.70393733915854750        5.3151679778108852E-003
   9.4575076403713099E-002  0.70393733915854750      -0.70393733915854750        5.3151679778108852E-003
  -9.4575076403713099E-002  0.70393733915854750      -0.70393733915854750        5.3151679778108852E-003
   9.4575076403713099E-002 -0.70393733915854750      -0.70393733915854750        5.3151679778108852E-003
  -9.4575076403713099E-002 -0.70393733915854750      -0.70393733915854750        5.3151679778108852E-003
  0.10125262485724140       0.10125262485724140       0.98969480746290539        4.0471423770862191E-003
 -0.10125262485724140       0.10125262485724140       0.98969480746290539        4.0471423770862191E-003
  0.10125262485724140      -0.10125262485724140       0.98969480746290539        4.0471423770862191E-003
 -0.10125262485724140      -0.10125262485724140       0.98969480746290539        4.0471423770862191E-003
  0.10125262485724140       0.10125262485724140      -0.98969480746290539        4.0471423770862191E-003
 -0.10125262485724140       0.10125262485724140      -0.98969480746290539        4.0471423770862191E-003
  0.10125262485724140      -0.10125262485724140      -0.98969480746290539        4.0471423770862191E-003
 -0.10125262485724140      -0.10125262485724140      -0.98969480746290539        4.0471423770862191E-003
  0.10125262485724140       0.98969480746290539       0.10125262485724140        4.0471423770862191E-003
 -0.10125262485724140       0.98969480746290539       0.10125262485724140        4.0471423770862191E-003
  0.10125262485724140      -0.98969480746290539       0.10125262485724140        4.0471423770862191E-003
 -0.10125262485724140      -0.98969480746290539       0.10125262485724140        4.0471423770862191E-003
  0.10125262485724140       0.98969480746290539      -0.10125262485724140        4.0471423770862191E-003
 -0.10125262485724140       0.98969480746290539      -0.10125262485724140        4.0471423770862191E-003
  0.10125262485724140      -0.98969480746290539      -0.10125262485724140        4.0471423770862191E-003
 -0.10125262485724140      -0.98969480746290539      -0.10125262485724140        4.0471423770862191E-003
  0.98969480746290539       0.10125262485724140       0.10125262485724140        4.0471423770862191E-003
 -0.98969480746290539       0.10125262485724140       0.10125262485724140        4.0471423770862191E-003
  0.98969480746290539      -0.10125262485724140       0.10125262485724140        4.0471423770862191E-003
 -0.98969480746290539      -0.10125262485724140       0.10125262485724140        4.0471423770862191E-003
  0.98969480746290539       0.10125262485724140      -0.10125262485724140        4.0471423770862191E-003
 -0.98969480746290539       0.10125262485724140      -0.10125262485724140        4.0471423770862191E-003
  0.98969480746290539      -0.10125262485724140      -0.10125262485724140        4.0471423770862191E-003
 -0.98969480746290539      -0.10125262485724140      -0.10125262485724140        4.0471423770862191E-003
  0.46474487264205389       0.46474487264205389       0.75367393925081572        4.1124823944069903E-003
 -0.46474487264205389       0.46474487264205389       0.75367393925081572        4.1124823944069903E-003
  0.46474487264205389      -0.46474487264205389       0.75367393925081572        4.1124823944069903E-003
 -0.46474487264205389      -0.46474487264205389       0.75367393925081572        4.1124823944069903E-003
  0.46474487264205389       0.46474487264205389      -0.75367393925081572        4.1124823944069903E-003
 -0.46474487264205389       0.46474487264205389      -0.75367393925081572        4.1124823944069903E-003
  0.46474487264205389      -0.46474487264205389      -0.75367393925081572        4.1124823944069903E-003
 -0.46474487264205389      -0.46474487264205389      -0.75367393925081572        4.1124823944069903E-003
  0.46474487264205389       0.75367393925081572       0.46474487264205389        4.1124823944069903E-003
 -0.46474487264205389       0.75367393925081572       0.46474487264205389        4.1124823944069903E-003
  0.46474487264205389      -0.75367393925081572       0.46474487264205389        4.1124823944069903E-003
 -0.46474487264205389      -0.75367393925081572       0.46474487264205389        4.1124823944069903E-003
  0.46474487264205389       0.75367393925081572      -0.46474487264205389        4.1124823944069903E-003
 -0.46474487264205389       0.75367393925081572      -0.46474487264205389        4.1124823944069903E-003
  0.46474487264205389      -0.75367393925081572      -0.46474487264205389        4.1124823944069903E-003
 -0.46474487264205389      -0.75367393925081572      -0.46474487264205389        4.1124823944069903E-003
  0.75367393925081572       0.46474487264205389       0.46474487264205389        4.1124823944069903E-003
 -0.75367393925081572       0.46474487264205389       0.46474487264205389        4.1124823944069903E-003
  0.75367393925081572      -0.46474487264205389       0.46474487264205389        4.1124823944069903E-003
 -0.75367393925081572      -0.46474487264205389       0.46474487264205389        4.1124823944069903E-003
  0.75367393925081572       0.46474487264205389      -0.46474487264205389        4.1124823944069903E-003
 -0.75367393925081572       0.46474487264205389      -0.46474487264205389        4.1124823944069903E-003
  0.75367393925081572      -0.46474487264205389      -0.46474487264205389        4.1124823944069903E-003
 -0.75367393925081572      -0.46474487264205389      -0.46474487264205389        4.1124823944069903E-003
  0.32774206549716289       0.32774206549716289       0.88609834499749907        3.5955848997587820E-003
 -0.32774206549716289       0.32774206549716289       0.88609834499749907        3.5955848997587820E-003
  0.32774206549716289      -0.32774206549716289       0.88609834499749907        3.5955848997587820E-003
 -0.32774206549716289      -0.32774206549716289       0.88609834499749907        3.5955848997587820E-003
  0.32774206549716289       0.32774206549716289      -0.88609834499749907        3.5955848997587820E-003
 -0.32774206549716289       0.32774206549716289      -0.88609834499749907        3.5955848997587820E-003
  0.32774206549716289      -0.32774206549716289      -0.88609834499749907        3.5955848997587820E-003
 -0.32774206549716289      -0.32774206549716289      -0.88609834499749907        3.5955848997587820E-003
  0.32774206549716289       0.88609834499749907       0.32774206549716289        3.5955848997587820E-003
 -0.32774206549716289       0.88609834499749907       0.32774206549716289        3.5955848997587820E-003
  0.32774206549716289      -0.88609834499749907       0.32774206549716289        3.5955848997587820E-003
 -0.32774206549716289      -0.88609834499749907       0.32774206549716289        3.5955848997587820E-003
  0.32774206549716289       0.88609834499749907      -0.32774206549716289        3.5955848997587820E-003
 -0.32774206549716289       0.88609834499749907      -0.32774206549716289        3.5955848997587820E-003
  0.32774206549716289      -0.88609834499749907      -0.32774206549716289        3.5955848997587820E-003
 -0.32774206549716289      -0.88609834499749907      -0.32774206549716289        3.5955848997587820E-003
  0.88609834499749907       0.32774206549716289       0.32774206549716289        3.5955848997587820E-003
 -0.88609834499749907       0.32774206549716289       0.32774206549716289        3.5955848997587820E-003
  0.88609834499749907      -0.32774206549716289       0.32774206549716289        3.5955848997587820E-003
 -0.88609834499749907      -0.32774206549716289       0.32774206549716289        3.5955848997587820E-003
  0.88609834499749907       0.32774206549716289      -0.32774206549716289        3.5955848997587820E-003
 -0.88609834499749907       0.32774206549716289      -0.32774206549716289        3.5955848997587820E-003
  0.88609834499749907      -0.32774206549716289      -0.32774206549716289        3.5955848997587820E-003
 -0.88609834499749907      -0.32774206549716289      -0.32774206549716289        3.5955848997587820E-003
  0.66203386636999739       0.66203386636999739       0.35131512856463343        4.2561313514281581E-003
 -0.66203386636999739       0.66203386636999739       0.35131512856463343        4.2561313514281581E-003
  0.66203386636999739      -0.66203386636999739       0.35131512856463343        4.2561313514281581E-003
 -0.66203386636999739      -0.66203386636999739       0.35131512856463343        4.2561313514281581E-003
  0.66203386636999739       0.66203386636999739      -0.35131512856463343        4.2561313514281581E-003
 -0.66203386636999739       0.66203386636999739      -0.35131512856463343        4.2561313514281581E-003
  0.66203386636999739      -0.66203386636999739      -0.35131512856463343        4.2561313514281581E-003
 -0.66203386636999739      -0.66203386636999739      -0.35131512856463343        4.2561313514281581E-003
  0.66203386636999739       0.35131512856463343       0.66203386636999739        4.2561313514281581E-003
 -0.66203386636999739       0.35131512856463343       0.66203386636999739        4.2561313514281581E-003
  0.66203386636999739      -0.35131512856463343       0.66203386636999739        4.2561313514281581E-003
 -0.66203386636999739      -0.35131512856463343       0.66203386636999739        4.2561313514281581E-003
  0.66203386636999739       0.35131512856463343      -0.66203386636999739        4.2561313514281581E-003
 -0.66203386636999739       0.35131512856463343      -0.66203386636999739        4.2561313514281581E-003
  0.66203386636999739      -0.35131512856463343      -0.66203386636999739        4.2561313514281581E-003
 -0.66203386636999739      -0.35131512856463343      -0.66203386636999739        4.2561313514281581E-003
  0.35131512856463343       0.66203386636999739       0.66203386636999739        4.2561313514281581E-003
 -0.35131512856463343       0.66203386636999739       0.66203386636999739        4.2561313514281581E-003
  0.35131512856463343      -0.66203386636999739       0.66203386636999739        4.2561313514281581E-003
 -0.35131512856463343      -0.66203386636999739       0.66203386636999739        4.2561313514281581E-003
  0.35131512856463343       0.66203386636999739      -0.66203386636999739        4.2561313514281581E-003
 -0.35131512856463343       0.66203386636999739      -0.66203386636999739        4.2561313514281581E-003
  0.35131512856463343      -0.66203386636999739      -0.66203386636999739        4.2561313514281581E-003
 -0.35131512856463343      -0.66203386636999739      -0.66203386636999739        4.2561313514281581E-003
  0.85065080835203988       0.52573111211913370        0.0000000000000000        4.2295827006472398E-003
 -0.85065080835203988       0.52573111211913370        0.0000000000000000        4.2295827006472398E-003
  0.85065080835203988      -0.52573111211913370        0.0000000000000000        4.2295827006472398E-003
 -0.85065080835203988      -0.52573111211913370        0.0000000000000000        4.2295827006472398E-003
  0.52573111211913370       0.85065080835203988        0.0000000000000000        4.2295827006472398E-003
 -0.52573111211913370       0.85065080835203988        0.0000000000000000        4.2295827006472398E-003
  0.52573111211913370      -0.85065080835203988        0.0000000000000000        4.2295827006472398E-003
 -0.52573111211913370      -0.85065080835203988        0.0000000000000000        4.2295827006472398E-003
  0.85065080835203988        0.0000000000000000       0.52573111211913370        4.2295827006472398E-003
 -0.85065080835203988        0.0000000000000000       0.52573111211913370        4.2295827006472398E-003
  0.85065080835203988        0.0000000000000000      -0.52573111211913370        4.2295827006472398E-003
 -0.85065080835203988        0.0000000000000000      -0.52573111211913370        4.2295827006472398E-003
  0.52573111211913370        0.0000000000000000       0.85065080835203988        4.2295827006472398E-003
 -0.52573111211913370        0.0000000000000000       0.85065080835203988        4.2295827006472398E-003
  0.52573111211913370        0.0000000000000000      -0.85065080835203988        4.2295827006472398E-003
 -0.52573111211913370        0.0000000000000000      -0.85065080835203988        4.2295827006472398E-003
   0.0000000000000000       0.85065080835203988       0.52573111211913370        4.2295827006472398E-003
   0.0000000000000000      -0.85065080835203988       0.52573111211913370        4.2295827006472398E-003
   0.0000000000000000       0.85065080835203988      -0.52573111211913370        4.2295827006472398E-003
   0.0000000000000000      -0.85065080835203988      -0.52573111211913370        4.2295827006472398E-003
   0.0000000000000000       0.52573111211913370       0.85065080835203988        4.2295827006472398E-003
   0.0000000000000000      -0.52573111211913370       0.85065080835203988        4.2295827006472398E-003
   0.0000000000000000       0.52573111211913370      -0.85065080835203988        4.2295827006472398E-003
   0.0000000000000000      -0.52573111211913370      -0.85065080835203988        4.2295827006472398E-003
  0.32334845426928988       0.11531120110097010       0.93922792974991576        4.0809142257805051E-003
 -0.32334845426928988       0.11531120110097010       0.93922792974991576        4.0809142257805051E-003
  0.32334845426928988      -0.11531120110097010       0.93922792974991576        4.0809142257805051E-003
 -0.32334845426928988      -0.11531120110097010       0.93922792974991576        4.0809142257805051E-003
  0.32334845426928988       0.11531120110097010      -0.93922792974991576        4.0809142257805051E-003
 -0.32334845426928988       0.11531120110097010      -0.93922792974991576        4.0809142257805051E-003
  0.32334845426928988      -0.11531120110097010      -0.93922792974991576        4.0809142257805051E-003
 -0.32334845426928988      -0.11531120110097010      -0.93922792974991576        4.0809142257805051E-003
  0.32334845426928988       0.93922792974991576       0.11531120110097010        4.0809142257805051E-003
 -0.32334845426928988       0.93922792974991576       0.11531120110097010        4.0809142257805051E-003
  0.32334845426928988      -0.93922792974991576       0.11531120110097010        4.0809142257805051E-003
 -0.32334845426928988      -0.93922792974991576       0.11531120110097010        4.0809142257805051E-003
  0.32334845426928988       0.93922792974991576      -0.11531120110097010        4.0809142257805051E-003
 -0.32334845426928988       0.93922792974991576      -0.11531120110097010        4.0809142257805051E-003
  0.32334845426928988      -0.93922792974991576      -0.11531120110097010        4.0809142257805051E-003
 -0.32334845426928988      -0.93922792974991576      -0.11531120110097010        4.0809142257805051E-003
  0.11531120110097010       0.32334845426928988       0.93922792974991576        4.0809142257805051E-003
 -0.11531120110097010       0.32334845426928988       0.93922792974991576        4.0809142257805051E-003
  0.11531120110097010      -0.32334845426928988       0.93922792974991576        4.0809142257805051E-003
 -0.11531120110097010      -0.32334845426928988       0.93922792974991576        4.0809142257805051E-003
  0.11531120110097010       0.32334845426928988      -0.93922792974991576        4.0809142257805051E-003
 -0.11531120110097010       0.32334845426928988      -0.93922792974991576        4.0809142257805051E-003
  0.11531120110097010      -0.32334845426928988      -0.93922792974991576        4.0809142257805051E-003
 -0.11531120110097010      -0.32334845426928988      -0.93922792974991576        4.0809142257805051E-003
  0.11531120110097010       0.93922792974991576       0.32334845426928988        4.0809142257805051E-003
 -0.11531120110097010       0.93922792974991576       0.32334845426928988        4.0809142257805051E-003
  0.11531120110097010      -0.93922792974991576       0.32334845426928988        4.0809142257805051E-003
 -0.11531120110097010      -0.93922792974991576       0.32334845426928988        4.0809142257805051E-003
  0.11531120110097010       0.93922792974991576      -0.32334845426928988        4.0809142257805051E-003
 -0.11531120110097010       0.93922792974991576      -0.32334845426928988        4.0809142257805051E-003
  0.11531120110097010      -0.93922792974991576      -0.32334845426928988        4.0809142257805051E-003
 -0.11531120110097010      -0.93922792974991576      -0.32334845426928988        4.0809142257805051E-003
  0.93922792974991576       0.32334845426928988       0.11531120110097010        4.0809142257805051E-003
 -0.93922792974991576       0.32334845426928988       0.11531120110097010        4.0809142257805051E-003
  0.93922792974991576      -0.32334845426928988       0.11531120110097010        4.0809142257805051E-003
 -0.93922792974991576      -0.32334845426928988       0.11531120110097010        4.0809142257805051E-003
  0.93922792974991576       0.32334845426928988      -0.11531120110097010        4.0809142257805051E-003
 -0.93922792974991576       0.32334845426928988      -0.11531120110097010        4.0809142257805051E-003
  0.93922792974991576      -0.32334845426928988      -0.11531120110097010        4.0809142257805051E-003
 -0.93922792974991576      -0.32334845426928988      -0.11531120110097010        4.0809142257805051E-003
  0.93922792974991576       0.11531120110097010       0.32334845426928988        4.0809142257805051E-003
 -0.93922792974991576       0.11531120110097010       0.32334845426928988        4.0809142257805051E-003
  0.93922792974991576      -0.11531120110097010       0.32334845426928988        4.0809142257805051E-003
 -0.93922792974991576      -0.11531120110097010       0.32334845426928988        4.0809142257805051E-003
  0.93922792974991576       0.11531120110097010      -0.32334845426928988        4.0809142257805051E-003
 -0.93922792974991576       0.11531120110097010      -0.32334845426928988        4.0809142257805051E-003
  0.93922792974991576      -0.11531120110097010      -0.32334845426928988        4.0809142257805051E-003
 -0.93922792974991576      -0.11531120110097010      -0.32334845426928988        4.0809142257805051E-003
  0.23147901587126010       0.52449392409223650       0.81934338881912028        4.0714675938309641E-003
 -0.23147901587126010       0.52449392409223650       0.81934338881912028        4.0714675938309641E-003
  0.23147901587126010      -0.52449392409223650       0.81934338881912028        4.0714675938309641E-003
 -0.23147901587126010      -0.52449392409223650       0.81934338881912028        4.0714675938309641E-003
  0.23147901587126010       0.52449392409223650      -0.81934338881912028        4.0714675938309641E-003
 -0.23147901587126010       0.52449392409223650      -0.81934338881912028        4.0714675938309641E-003
  0.23147901587126010      -0.52449392409223650      -0.81934338881912028        4.0714675938309641E-003
 -0.23147901587126010      -0.52449392409223650      -0.81934338881912028        4.0714675938309641E-003
  0.23147901587126010       0.81934338881912028       0.52449392409223650        4.0714675938309641E-003
 -0.23147901587126010       0.81934338881912028       0.52449392409223650        4.0714675938309641E-003
  0.23147901587126010      -0.81934338881912028       0.52449392409223650        4.0714675938309641E-003
 -0.23147901587126010      -0.81934338881912028       0.52449392409223650        4.0714675938309641E-003
  0.23147901587126010       0.81934338881912028      -0.52449392409223650        4.0714675938309641E-003
 -0.23147901587126010       0.81934338881912028      -0.52449392409223650        4.0714675938309641E-003
  0.23147901587126010      -0.81934338881912028      -0.52449392409223650        4.0714675938309641E-003
 -0.23147901587126010      -0.81934338881912028      -0.52449392409223650        4.0714675938309641E-003
  0.52449392409223650       0.23147901587126010       0.81934338881912028        4.0714675938309641E-003
 -0.52449392409223650       0.23147901587126010       0.81934338881912028        4.0714675938309641E-003
  0.52449392409223650      -0.23147901587126010       0.81934338881912028        4.0714675938309641E-003
 -0.52449392409223650      -0.23147901587126010       0.81934338881912028        4.0714675938309641E-003
  0.52449392409223650       0.23147901587126010      -0.81934338881912028        4.0714675938309641E-003
 -0.52449392409223650       0.23147901587126010      -0.81934338881912028        4.0714675938309641E-003
  0.52449392409223650      -0.23147901587126010      -0.81934338881912028        4.0714675938309641E-003
 -0.52449392409223650      -0.23147901587126010      -0.81934338881912028        4.0714675938309641E-003
  0.52449392409223650       0.81934338881912028       0.23147901587126010        4.0714675938309641E-003
 -0.52449392409223650       0.81934338881912028       0.23147901587126010        4.0714675938309641E-003
  0.52449392409223650      -0.81934338881912028       0.23147901587126010        4.0714675938309641E-003
 -0.52449392409223650      -0.81934338881912028       0.23147901587126010        4.0714675938309641E-003
  0.52449392409223650       0.81934338881912028      -0.23147901587126010        4.0714675938309641E-003
 -0.52449392409223650       0.81934338881912028      -0.23147901587126010        4.0714675938309641E-003
  0.52449392409223650      -0.81934338881912028      -0.23147901587126010        4.0714675938309641E-003
 -0.52449392409223650      -0.81934338881912028      -0.23147901587126010        4.0714675938309641E-003
  0.81934338881912028       0.23147901587126010       0.52449392409223650        4.0714675938309641E-003
 -0.81934338881912028       0.23147901587126010       0.52449392409223650        4.0714675938309641E-003
  0.81934338881912028      -0.23147901587126010       0.52449392409223650        4.0714675938309641E-003
 -0.81934338881912028      -0.23147901587126010       0.52449392409223650        4.0714675938309641E-003
  0.81934338881912028       0.23147901587126010      -0.52449392409223650        4.0714675938309641E-003
 -0.81934338881912028       0.23147901587126010      -0.52449392409223650        4.0714675938309641E-003
  0.81934338881912028      -0.23147901587126010      -0.52449392409223650        4.0714675938309641E-003
 -0.81934338881912028      -0.23147901587126010      -0.52449392409223650        4.0714675938309641E-003
  0.81934338881912028       0.52449392409223650       0.23147901587126010        4.0714675938309641E-003
 -0.81934338881912028       0.52449392409223650       0.23147901587126010        4.0714675938309641E-003
  0.81934338881912028      -0.52449392409223650       0.23147901587126010        4.0714675938309641E-003
 -0.81934338881912028      -0.52449392409223650       0.23147901587126010        4.0714675938309641E-003
  0.81934338881912028       0.52449392409223650      -0.23147901587126010        4.0714675938309641E-003
 -0.81934338881912028       0.52449392409223650      -0.23147901587126010        4.0714675938309641E-003
  0.81934338881912028      -0.52449392409223650      -0.23147901587126010        4.0714675938309641E-003
 -0.81934338881912028      -0.52449392409223650      -0.23147901587126010        4.0714675938309641E-003
