   1.0000000000000000        0.0000000000000000        0.0000000000000000        8.5459117251281483E-004
  -1.0000000000000000        0.0000000000000000        0.0000000000000000        8.5459117251281483E-004
   0.0000000000000000        1.0000000000000000        0.0000000000000000        8.5459117251281483E-004
   0.0000000000000000       -1.0000000000000000        0.0000000000000000        8.5459117251281483E-004
   0.0000000000000000        0.0000000000000000        1.0000000000000000        8.5459117251281483E-004
   0.0000000000000000        0.0000000000000000       -1.0000000000000000        8.5459117251281483E-004
  0.57735026918962573       0.57735026918962573       0.57735026918962573        3.5991192850255709E-003
 -0.57735026918962573       0.57735026918962573       0.57735026918962573        3.5991192850255709E-003
  0.57735026918962573      -0.57735026918962573       0.57735026918962573        3.5991192850255709E-003
 -0.57735026918962573      -0.57735026918962573       0.57735026918962573        3.5991192850255709E-003
  0.57735026918962573       0.57735026918962573      -0.57735026918962573        3.5991192850255709E-003
 -0.57735026918962573       0.57735026918962573      -0.57735026918962573        3.5991192850255709E-003
  0.57735026918962573      -0.57735026918962573      -0.57735026918962573        3.5991192850255709E-003
 -0.57735026918962573      -0.57735026918962573      -0.57735026918962573        3.5991192850255709E-003
  0.35156403455701052       0.35156403455701052       0.86764362454408339        3.4497884243058830E-003
 -0.35156403455701052       0.35156403455701052       0.86764362454408339        3.4497884243058830E-003
  0.35156403455701052      -0.35156403455701052       0.86764362454408339        3.4497884243058830E-003
 -0.35156403455701052      -0.35156403455701052       0.86764362454408339        3.4497884243058830E-003
  0.35156403455701052       0.35156403455701052      -0.86764362454408339        3.4497884243058830E-003
 -0.35156403455701052       0.35156403455701052      -0.86764362454408339        3.4497884243058830E-003
  0.35156403455701052      -0.35156403455701052      -0.86764362454408339        3.4497884243058830E-003
 -0.35156403455701052      -0.35156403455701052      -0.86764362454408339        3.4497884243058830E-003
  0.35156403455701052       0.86764362454408339       0.35156403455701052        3.4497884243058830E-003
 -0.35156403455701052       0.86764362454408339       0.35156403455701052        3.4497884243058830E-003
  0.35156403455701052      -0.86764362454408339       0.35156403455701052        3.4497884243058830E-003
 -0.35156403455701052      -0.86764362454408339       0.35156403455701052        3.4497884243058830E-003
  0.35156403455701052       0.86764362454408339      -0.35156403455701052        3.4497884243058830E-003
 -0.35156403455701052       0.86764362454408339      -0.35156403455701052        3.4497884243058830E-003
  0.35156403455701052      -0.86764362454408339      -0.35156403455701052        3.4497884243058830E-003
 -0.35156403455701052      -0.86764362454408339      -0.35156403455701052        3.4497884243058830E-003
  0.86764362454408339       0.35156403455701052       0.35156403455701052        3.4497884243058830E-003
 -0.86764362454408339       0.35156403455701052       0.35156403455701052        3.4497884243058830E-003
  0.86764362454408339      -0.35156403455701052       0.35156403455701052        3.4497884243058830E-003
 -0.86764362454408339      -0.35156403455701052       0.35156403455701052        3.4497884243058830E-003
  0.86764362454408339       0.35156403455701052      -0.35156403455701052        3.4497884243058830E-003
 -0.86764362454408339       0.35156403455701052      -0.35156403455701052        3.4497884243058830E-003
  0.86764362454408339      -0.35156403455701052      -0.35156403455701052        3.4497884243058830E-003
 -0.86764362454408339      -0.35156403455701052      -0.35156403455701052        3.4497884243058830E-003
  0.65663294102196124       0.65663294102196124       0.37103417838482095        3.6048226014198819E-003
 -0.65663294102196124       0.65663294102196124       0.37103417838482095        3.6048226014198819E-003
  0.65663294102196124      -0.65663294102196124       0.37103417838482095        3.6048226014198819E-003
 -0.65663294102196124      -0.65663294102196124       0.37103417838482095        3.6048226014198819E-003
  0.65663294102196124       0.65663294102196124      -0.37103417838482095        3.6048226014198819E-003
 -0.65663294102196124       0.65663294102196124      -0.37103417838482095        3.6048226014198819E-003
  0.65663294102196124      -0.65663294102196124      -0.37103417838482095        3.6048226014198819E-003
 -0.65663294102196124      -0.65663294102196124      -0.37103417838482095        3.6048226014198819E-003
  0.65663294102196124       0.37103417838482095       0.65663294102196124        3.6048226014198819E-003
 -0.65663294102196124       0.37103417838482095       0.65663294102196124        3.6048226014198819E-003
  0.65663294102196124      -0.37103417838482095       0.65663294102196124        3.6048226014198819E-003
 -0.65663294102196124      -0.37103417838482095       0.65663294102196124        3.6048226014198819E-003
  0.65663294102196124       0.37103417838482095      -0.65663294102196124        3.6048226014198819E-003
 -0.65663294102196124       0.37103417838482095      -0.65663294102196124        3.6048226014198819E-003
  0.65663294102196124      -0.37103417838482095      -0.65663294102196124        3.6048226014198819E-003
 -0.65663294102196124      -0.37103417838482095      -0.65663294102196124        3.6048226014198819E-003
  0.37103417838482095       0.65663294102196124       0.65663294102196124        3.6048226014198819E-003
 -0.37103417838482095       0.65663294102196124       0.65663294102196124        3.6048226014198819E-003
  0.37103417838482095      -0.65663294102196124       0.65663294102196124        3.6048226014198819E-003
 -0.37103417838482095      -0.65663294102196124       0.65663294102196124        3.6048226014198819E-003
  0.37103417838482095       0.65663294102196124      -0.65663294102196124        3.6048226014198819E-003
 -0.37103417838482095       0.65663294102196124      -0.65663294102196124        3.6048226014198819E-003
  0.37103417838482095      -0.65663294102196124      -0.65663294102196124        3.6048226014198819E-003
 -0.37103417838482095      -0.65663294102196124      -0.65663294102196124        3.6048226014198819E-003
  0.47290541325810048       0.47290541325810048       0.74345204298755574        3.5767296617433670E-003
 -0.47290541325810048       0.47290541325810048       0.74345204298755574        3.5767296617433670E-003
  0.47290541325810048      -0.47290541325810048       0.74345204298755574        3.5767296617433670E-003
 -0.47290541325810048      -0.47290541325810048       0.74345204298755574        3.5767296617433670E-003
  0.47290541325810048       0.47290541325810048      -0.74345204298755574        3.5767296617433670E-003
 -0.47290541325810048       0.47290541325810048      -0.74345204298755574        3.5767296617433670E-003
  0.47290541325810048      -0.47290541325810048      -0.74345204298755574        3.5767296617433670E-003
 -0.47290541325810048      -0.47290541325810048      -0.74345204298755574        3.5767296617433670E-003
  0.47290541325810048       0.74345204298755574       0.47290541325810048        3.5767296617433670E-003
 -0.47290541325810048       0.74345204298755574       0.47290541325810048        3.5767296617433670E-003
  0.47290541325810048      -0.74345204298755574       0.47290541325810048        3.5767296617433670E-003
 -0.47290541325810048      -0.74345204298755574       0.47290541325810048        3.5767296617433670E-003
  0.47290541325810048       0.74345204298755574      -0.47290541325810048        3.5767296617433670E-003
 -0.47290541325810048       0.74345204298755574      -0.47290541325810048        3.5767296617433670E-003
  0.47290541325810048      -0.74345204298755574      -0.47290541325810048        3.5767296617433670E-003
 -0.47290541325810048      -0.74345204298755574      -0.47290541325810048        3.5767296617433670E-003
  0.74345204298755574       0.47290541325810048       0.47290541325810048        3.5767296617433670E-003
 -0.74345204298755574       0.47290541325810048       0.47290541325810048        3.5767296617433670E-003
  0.74345204298755574      -0.47290541325810048       0.47290541325810048        3.5767296617433670E-003
 -0.74345204298755574      -0.47290541325810048       0.47290541325810048        3.5767296617433670E-003
  0.74345204298755574       0.47290541325810048      -0.47290541325810048        3.5767296617433670E-003
 -0.74345204298755574       0.47290541325810048      -0.47290541325810048        3.5767296617433670E-003
  0.74345204298755574      -0.47290541325810048      -0.47290541325810048        3.5767296617433670E-003
 -0.74345204298755574      -0.47290541325810048      -0.47290541325810048        3.5767296617433670E-003
   9.6183085226147838E-002   9.6183085226147838E-002  0.99070562137940810        2.3521014136891642E-003
  -9.6183085226147838E-002   9.6183085226147838E-002  0.99070562137940810        2.3521014136891642E-003
   9.6183085226147838E-002  -9.6183085226147838E-002  0.99070562137940810        2.3521014136891642E-003
  -9.6183085226147838E-002  -9.6183085226147838E-002  0.99070562137940810        2.3521014136891642E-003
   9.6183085226147838E-002   9.6183085226147838E-002 -0.99070562137940810        2.3521014136891642E-003
  -9.6183085226147838E-002   9.6183085226147838E-002 -0.99070562137940810        2.3521014136891642E-003
   9.6183085226147838E-002  -9.6183085226147838E-002 -0.99070562137940810        2.3521014136891642E-003
  -9.6183085226147838E-002  -9.6183085226147838E-002 -0.99070562137940810        2.3521014136891642E-003
   9.6183085226147838E-002  0.99070562137940810        9.6183085226147838E-002   2.3521014136891642E-003
  -9.6183085226147838E-002  0.99070562137940810        9.6183085226147838E-002   2.3521014136891642E-003
   9.6183085226147838E-002 -0.99070562137940810        9.6183085226147838E-002   2.3521014136891642E-003
  -9.6183085226147838E-002 -0.99070562137940810        9.6183085226147838E-002   2.3521014136891642E-003
   9.6183085226147838E-002  0.99070562137940810       -9.6183085226147838E-002   2.3521014136891642E-003
  -9.6183085226147838E-002  0.99070562137940810       -9.6183085226147838E-002   2.3521014136891642E-003
   9.6183085226147838E-002 -0.99070562137940810       -9.6183085226147838E-002   2.3521014136891642E-003
  -9.6183085226147838E-002 -0.99070562137940810       -9.6183085226147838E-002   2.3521014136891642E-003
  0.99070562137940810        9.6183085226147838E-002   9.6183085226147838E-002   2.3521014136891642E-003
 -0.99070562137940810        9.6183085226147838E-002   9.6183085226147838E-002   2.3521014136891642E-003
  0.99070562137940810       -9.6183085226147838E-002   9.6183085226147838E-002   2.3521014136891642E-003
 -0.99070562137940810       -9.6183085226147838E-002   9.6183085226147838E-002   2.3521014136891642E-003
  0.99070562137940810        9.6183085226147838E-002  -9.6183085226147838E-002   2.3521014136891642E-003
 -0.99070562137940810        9.6183085226147838E-002  -9.6183085226147838E-002   2.3521014136891642E-003
  0.99070562137940810       -9.6183085226147838E-002  -9.6183085226147838E-002   2.3521014136891642E-003
 -0.99070562137940810       -9.6183085226147838E-002  -9.6183085226147838E-002   2.3521014136891642E-003
  0.22196452362941779       0.22196452362941779       0.94945431722644313        3.1089531224136749E-003
 -0.22196452362941779       0.22196452362941779       0.94945431722644313        3.1089531224136749E-003
  0.22196452362941779      -0.22196452362941779       0.94945431722644313        3.1089531224136749E-003
 -0.22196452362941779      -0.22196452362941779       0.94945431722644313        3.1089531224136749E-003
  0.22196452362941779       0.22196452362941779      -0.94945431722644313        3.1089531224136749E-003
 -0.22196452362941779       0.22196452362941779      -0.94945431722644313        3.1089531224136749E-003
  0.22196452362941779      -0.22196452362941779      -0.94945431722644313        3.1089531224136749E-003
 -0.22196452362941779      -0.22196452362941779      -0.94945431722644313        3.1089531224136749E-003
  0.22196452362941779       0.94945431722644313       0.22196452362941779        3.1089531224136749E-003
 -0.22196452362941779       0.94945431722644313       0.22196452362941779        3.1089531224136749E-003
  0.22196452362941779      -0.94945431722644313       0.22196452362941779        3.1089531224136749E-003
 -0.22196452362941779      -0.94945431722644313       0.22196452362941779        3.1089531224136749E-003
  0.22196452362941779       0.94945431722644313      -0.22196452362941779        3.1089531224136749E-003
 -0.22196452362941779       0.94945431722644313      -0.22196452362941779        3.1089531224136749E-003
  0.22196452362941779      -0.94945431722644313      -0.22196452362941779        3.1089531224136749E-003
 -0.22196452362941779      -0.94945431722644313      -0.22196452362941779        3.1089531224136749E-003
  0.94945431722644313       0.22196452362941779       0.22196452362941779        3.1089531224136749E-003
 -0.94945431722644313       0.22196452362941779       0.22196452362941779        3.1089531224136749E-003
  0.94945431722644313      -0.22196452362941779       0.22196452362941779        3.1089531224136749E-003
 -0.94945431722644313      -0.22196452362941779       0.22196452362941779        3.1089531224136749E-003
  0.94945431722644313       0.22196452362941779      -0.22196452362941779        3.1089531224136749E-003
 -0.94945431722644313       0.22196452362941779      -0.22196452362941779        3.1089531224136749E-003
  0.94945431722644313      -0.22196452362941779      -0.22196452362941779        3.1089531224136749E-003
 -0.94945431722644313      -0.22196452362941779      -0.22196452362941779        3.1089531224136749E-003
  0.70117664160895454       0.70117664160895454       0.12923867271051442        3.6500458076772551E-003
 -0.70117664160895454       0.70117664160895454       0.12923867271051442        3.6500458076772551E-003
  0.70117664160895454      -0.70117664160895454       0.12923867271051442        3.6500458076772551E-003
 -0.70117664160895454      -0.70117664160895454       0.12923867271051442        3.6500458076772551E-003
  0.70117664160895454       0.70117664160895454      -0.12923867271051442        3.6500458076772551E-003
 -0.70117664160895454       0.70117664160895454      -0.12923867271051442        3.6500458076772551E-003
  0.70117664160895454      -0.70117664160895454      -0.12923867271051442        3.6500458076772551E-003
 -0.70117664160895454      -0.70117664160895454      -0.12923867271051442        3.6500458076772551E-003
  0.70117664160895454       0.12923867271051442       0.70117664160895454        3.6500458076772551E-003
 -0.70117664160895454       0.12923867271051442       0.70117664160895454        3.6500458076772551E-003
  0.70117664160895454      -0.12923867271051442       0.70117664160895454        3.6500458076772551E-003
 -0.70117664160895454      -0.12923867271051442       0.70117664160895454        3.6500458076772551E-003
  0.70117664160895454       0.12923867271051442      -0.70117664160895454        3.6500458076772551E-003
 -0.70117664160895454       0.12923867271051442      -0.70117664160895454        3.6500458076772551E-003
  0.70117664160895454      -0.12923867271051442      -0.70117664160895454        3.6500458076772551E-003
 -0.70117664160895454      -0.12923867271051442      -0.70117664160895454        3.6500458076772551E-003
  0.12923867271051442       0.70117664160895454       0.70117664160895454        3.6500458076772551E-003
 -0.12923867271051442       0.70117664160895454       0.70117664160895454        3.6500458076772551E-003
  0.12923867271051442      -0.70117664160895454       0.70117664160895454        3.6500458076772551E-003
 -0.12923867271051442      -0.70117664160895454       0.70117664160895454        3.6500458076772551E-003
  0.12923867271051442       0.70117664160895454      -0.70117664160895454        3.6500458076772551E-003
 -0.12923867271051442       0.70117664160895454      -0.70117664160895454        3.6500458076772551E-003
  0.12923867271051442      -0.70117664160895454      -0.70117664160895454        3.6500458076772551E-003
 -0.12923867271051442      -0.70117664160895454      -0.70117664160895454        3.6500458076772551E-003
  0.26441528870606629       0.96440891487920599        0.0000000000000000        2.9823449631718041E-003
 -0.26441528870606629       0.96440891487920599        0.0000000000000000        2.9823449631718041E-003
  0.26441528870606629      -0.96440891487920599        0.0000000000000000        2.9823449631718041E-003
 -0.26441528870606629      -0.96440891487920599        0.0000000000000000        2.9823449631718041E-003
  0.96440891487920599       0.26441528870606629        0.0000000000000000        2.9823449631718041E-003
 -0.96440891487920599       0.26441528870606629        0.0000000000000000        2.9823449631718041E-003
  0.96440891487920599      -0.26441528870606629        0.0000000000000000        2.9823449631718041E-003
 -0.96440891487920599      -0.26441528870606629        0.0000000000000000        2.9823449631718041E-003
  0.26441528870606629        0.0000000000000000       0.96440891487920599        2.9823449631718041E-003
 -0.26441528870606629        0.0000000000000000       0.96440891487920599        2.9823449631718041E-003
  0.26441528870606629        0.0000000000000000      -0.96440891487920599        2.9823449631718041E-003
 -0.26441528870606629        0.0000000000000000      -0.96440891487920599        2.9823449631718041E-003
  0.96440891487920599        0.0000000000000000       0.26441528870606629        2.9823449631718041E-003
 -0.96440891487920599        0.0000000000000000       0.26441528870606629        2.9823449631718041E-003
  0.96440891487920599        0.0000000000000000      -0.26441528870606629        2.9823449631718041E-003
 -0.96440891487920599        0.0000000000000000      -0.26441528870606629        2.9823449631718041E-003
   0.0000000000000000       0.26441528870606629       0.96440891487920599        2.9823449631718041E-003
   0.0000000000000000      -0.26441528870606629       0.96440891487920599        2.9823449631718041E-003
   0.0000000000000000       0.26441528870606629      -0.96440891487920599        2.9823449631718041E-003
   0.0000000000000000      -0.26441528870606629      -0.96440891487920599        2.9823449631718041E-003
   0.0000000000000000       0.96440891487920599       0.26441528870606629        2.9823449631718041E-003
   0.0000000000000000      -0.96440891487920599       0.26441528870606629        2.9823449631718041E-003
   0.0000000000000000       0.96440891487920599      -0.26441528870606629        2.9823449631718041E-003
   0.0000000000000000      -0.96440891487920599      -0.26441528870606629        2.9823449631718041E-003
  0.57189558918789607       0.82032641982775933        0.0000000000000000        3.6008209322164601E-003
 -0.57189558918789607       0.82032641982775933        0.0000000000000000        3.6008209322164601E-003
  0.57189558918789607      -0.82032641982775933        0.0000000000000000        3.6008209322164601E-003
 -0.57189558918789607      -0.82032641982775933        0.0000000000000000        3.6008209322164601E-003
  0.82032641982775933       0.57189558918789607        0.0000000000000000        3.6008209322164601E-003
 -0.82032641982775933       0.57189558918789607        0.0000000000000000        3.6008209322164601E-003
  0.82032641982775933      -0.57189558918789607        0.0000000000000000        3.6008209322164601E-003
 -0.82032641982775933      -0.57189558918789607        0.0000000000000000        3.6008209322164601E-003
  0.57189558918789607        0.0000000000000000       0.82032641982775933        3.6008209322164601E-003
 -0.57189558918789607        0.0000000000000000       0.82032641982775933        3.6008209322164601E-003
  0.57189558918789607        0.0000000000000000      -0.82032641982775933        3.6008209322164601E-003
 -0.57189558918789607        0.0000000000000000      -0.82032641982775933        3.6008209322164601E-003
  0.82032641982775933        0.0000000000000000       0.57189558918789607        3.6008209322164601E-003
 -0.82032641982775933        0.0000000000000000       0.57189558918789607        3.6008209322164601E-003
  0.82032641982775933        0.0000000000000000      -0.57189558918789607        3.6008209322164601E-003
 -0.82032641982775933        0.0000000000000000      -0.57189558918789607        3.6008209322164601E-003
   0.0000000000000000       0.57189558918789607       0.82032641982775933        3.6008209322164601E-003
   0.0000000000000000      -0.57189558918789607       0.82032641982775933        3.6008209322164601E-003
   0.0000000000000000       0.57189558918789607      -0.82032641982775933        3.6008209322164601E-003
   0.0000000000000000      -0.57189558918789607      -0.82032641982775933        3.6008209322164601E-003
   0.0000000000000000       0.82032641982775933       0.57189558918789607        3.6008209322164601E-003
   0.0000000000000000      -0.82032641982775933       0.57189558918789607        3.6008209322164601E-003
   0.0000000000000000       0.82032641982775933      -0.57189558918789607        3.6008209322164601E-003
   0.0000000000000000      -0.82032641982775933      -0.57189558918789607        3.6008209322164601E-003
  0.25100347517704652       0.80007274940739515       0.54486773725807736        3.5715405542733870E-003
 -0.25100347517704652       0.80007274940739515       0.54486773725807736        3.5715405542733870E-003
  0.25100347517704652      -0.80007274940739515       0.54486773725807736        3.5715405542733870E-003
 -0.25100347517704652      -0.80007274940739515       0.54486773725807736        3.5715405542733870E-003
  0.25100347517704652       0.80007274940739515      -0.54486773725807736        3.5715405542733870E-003
 -0.25100347517704652       0.80007274940739515      -0.54486773725807736        3.5715405542733870E-003
  0.25100347517704652      -0.80007274940739515      -0.54486773725807736        3.5715405542733870E-003
 -0.25100347517704652      -0.80007274940739515      -0.54486773725807736        3.5715405542733870E-003
  0.25100347517704652       0.54486773725807736       0.80007274940739515        3.5715405542733870E-003
 -0.25100347517704652       0.54486773725807736       0.80007274940739515        3.5715405542733870E-003
  0.25100347517704652      -0.54486773725807736       0.80007274940739515        3.5715405542733870E-003
 -0.25100347517704652      -0.54486773725807736       0.80007274940739515        3.5715405542733870E-003
  0.25100347517704652       0.54486773725807736      -0.80007274940739515        3.5715405542733870E-003
 -0.25100347517704652       0.54486773725807736      -0.80007274940739515        3.5715405542733870E-003
  0.25100347517704652      -0.54486773725807736      -0.80007274940739515        3.5715405542733870E-003
 -0.25100347517704652      -0.54486773725807736      -0.80007274940739515        3.5715405542733870E-003
  0.80007274940739515       0.25100347517704652       0.54486773725807736        3.5715405542733870E-003
 -0.80007274940739515       0.25100347517704652       0.54486773725807736        3.5715405542733870E-003
  0.80007274940739515      -0.25100347517704652       0.54486773725807736        3.5715405542733870E-003
 -0.80007274940739515      -0.25100347517704652       0.54486773725807736        3.5715405542733870E-003
  0.80007274940739515       0.25100347517704652      -0.54486773725807736        3.5715405542733870E-003
 -0.80007274940739515       0.25100347517704652      -0.54486773725807736        3.5715405542733870E-003
  0.80007274940739515      -0.25100347517704652      -0.54486773725807736        3.5715405542733870E-003
 -0.80007274940739515      -0.25100347517704652      -0.54486773725807736        3.5715405542733870E-003
  0.80007274940739515       0.54486773725807736       0.25100347517704652        3.5715405542733870E-003
 -0.80007274940739515       0.54486773725807736       0.25100347517704652        3.5715405542733870E-003
  0.80007274940739515      -0.54486773725807736       0.25100347517704652        3.5715405542733870E-003
 -0.80007274940739515      -0.54486773725807736       0.25100347517704652        3.5715405542733870E-003
  0.80007274940739515       0.54486773725807736      -0.25100347517704652        3.5715405542733870E-003
 -0.80007274940739515       0.54486773725807736      -0.25100347517704652        3.5715405542733870E-003
  0.80007274940739515      -0.54486773725807736      -0.25100347517704652        3.5715405542733870E-003
 -0.80007274940739515      -0.54486773725807736      -0.25100347517704652        3.5715405542733870E-003
  0.54486773725807736       0.25100347517704652       0.80007274940739515        3.5715405542733870E-003
 -0.54486773725807736       0.25100347517704652       0.80007274940739515        3.5715405542733870E-003
  0.54486773725807736      -0.25100347517704652       0.80007274940739515        3.5715405542733870E-003
 -0.54486773725807736      -0.25100347517704652       0.80007274940739515        3.5715405542733870E-003
  0.54486773725807736       0.25100347517704652      -0.80007274940739515        3.5715405542733870E-003
 -0.54486773725807736       0.25100347517704652      -0.80007274940739515        3.5715405542733870E-003
  0.54486773725807736      -0.25100347517704652      -0.80007274940739515        3.5715405542733870E-003
 -0.54486773725807736      -0.25100347517704652      -0.80007274940739515        3.5715405542733870E-003
  0.54486773725807736       0.80007274940739515       0.25100347517704652        3.5715405542733870E-003
 -0.54486773725807736       0.80007274940739515       0.25100347517704652        3.5715405542733870E-003
  0.54486773725807736      -0.80007274940739515       0.25100347517704652        3.5715405542733870E-003
 -0.54486773725807736      -0.80007274940739515       0.25100347517704652        3.5715405542733870E-003
  0.54486773725807736       0.80007274940739515      -0.25100347517704652        3.5715405542733870E-003
 -0.54486773725807736       0.80007274940739515      -0.25100347517704652        3.5715405542733870E-003
  0.54486773725807736      -0.80007274940739515      -0.25100347517704652        3.5715405542733870E-003
 -0.54486773725807736      -0.80007274940739515      -0.25100347517704652        3.5715405542733870E-003
  0.12335485325833270       0.41277240831685308       0.90244252953300041        3.3923122050061698E-003
 -0.12335485325833270       0.41277240831685308       0.90244252953300041        3.3923122050061698E-003
  0.12335485325833270      -0.41277240831685308       0.90244252953300041        3.3923122050061698E-003
 -0.12335485325833270      -0.41277240831685308       0.90244252953300041        3.3923122050061698E-003
  0.12335485325833270       0.41277240831685308      -0.90244252953300041        3.3923122050061698E-003
 -0.12335485325833270       0.41277240831685308      -0.90244252953300041        3.3923122050061698E-003
  0.12335485325833270      -0.41277240831685308      -0.90244252953300041        3.3923122050061698E-003
 -0.12335485325833270      -0.41277240831685308      -0.90244252953300041        3.3923122050061698E-003
  0.12335485325833270       0.90244252953300041       0.41277240831685308        3.3923122050061698E-003
 -0.12335485325833270       0.90244252953300041       0.41277240831685308        3.3923122050061698E-003
  0.12335485325833270      -0.90244252953300041       0.41277240831685308        3.3923122050061698E-003
 -0.12335485325833270      -0.90244252953300041       0.41277240831685308        3.3923122050061698E-003
  0.12335485325833270       0.90244252953300041      -0.41277240831685308        3.3923122050061698E-003
 -0.12335485325833270       0.90244252953300041      -0.41277240831685308        3.3923122050061698E-003
  0.12335485325833270      -0.90244252953300041      -0.41277240831685308        3.3923122050061698E-003
 -0.12335485325833270      -0.90244252953300041      -0.41277240831685308        3.3923122050061698E-003
  0.41277240831685308       0.12335485325833270       0.90244252953300041        3.3923122050061698E-003
 -0.41277240831685308       0.12335485325833270       0.90244252953300041        3.3923122050061698E-003
  0.41277240831685308      -0.12335485325833270       0.90244252953300041        3.3923122050061698E-003
 -0.41277240831685308      -0.12335485325833270       0.90244252953300041        3.3923122050061698E-003
  0.41277240831685308       0.12335485325833270      -0.90244252953300041        3.3923122050061698E-003
 -0.41277240831685308       0.12335485325833270      -0.90244252953300041        3.3923122050061698E-003
  0.41277240831685308      -0.12335485325833270      -0.90244252953300041        3.3923122050061698E-003
 -0.41277240831685308      -0.12335485325833270      -0.90244252953300041        3.3923122050061698E-003
  0.41277240831685308       0.90244252953300041       0.12335485325833270        3.3923122050061698E-003
 -0.41277240831685308       0.90244252953300041       0.12335485325833270        3.3923122050061698E-003
  0.41277240831685308      -0.90244252953300041       0.12335485325833270        3.3923122050061698E-003
 -0.41277240831685308      -0.90244252953300041       0.12335485325833270        3.3923122050061698E-003
  0.41277240831685308       0.90244252953300041      -0.12335485325833270        3.3923122050061698E-003
 -0.41277240831685308       0.90244252953300041      -0.12335485325833270        3.3923122050061698E-003
  0.41277240831685308      -0.90244252953300041      -0.12335485325833270        3.3923122050061698E-003
 -0.41277240831685308      -0.90244252953300041      -0.12335485325833270        3.3923122050061698E-003
  0.90244252953300041       0.12335485325833270       0.41277240831685308        3.3923122050061698E-003
 -0.90244252953300041       0.12335485325833270       0.41277240831685308        3.3923122050061698E-003
  0.90244252953300041      -0.12335485325833270       0.41277240831685308        3.3923122050061698E-003
 -0.90244252953300041      -0.12335485325833270       0.41277240831685308        3.3923122050061698E-003
  0.90244252953300041       0.12335485325833270      -0.41277240831685308        3.3923122050061698E-003
 -0.90244252953300041       0.12335485325833270      -0.41277240831685308        3.3923122050061698E-003
  0.90244252953300041      -0.12335485325833270      -0.41277240831685308        3.3923122050061698E-003
 -0.90244252953300041      -0.12335485325833270      -0.41277240831685308        3.3923122050061698E-003
  0.90244252953300041       0.41277240831685308       0.12335485325833270        3.3923122050061698E-003
 -0.90244252953300041       0.41277240831685308       0.12335485325833270        3.3923122050061698E-003
  0.90244252953300041      -0.41277240831685308       0.12335485325833270        3.3923122050061698E-003
 -0.90244252953300041      -0.41277240831685308       0.12335485325833270        3.3923122050061698E-003
  0.90244252953300041       0.41277240831685308      -0.12335485325833270        3.3923122050061698E-003
 -0.90244252953300041       0.41277240831685308      -0.12335485325833270        3.3923122050061698E-003
  0.90244252953300041      -0.41277240831685308      -0.12335485325833270        3.3923122050061698E-003
 -0.90244252953300041      -0.41277240831685308      -0.12335485325833270        3.3923122050061698E-003
