   1.0000000000000000        0.0000000000000000        0.0000000000000000        3.0951212953061872E-004
  -1.0000000000000000        0.0000000000000000        0.0000000000000000        3.0951212953061872E-004
   0.0000000000000000        1.0000000000000000        0.0000000000000000        3.0951212953061872E-004
   0.0000000000000000       -1.0000000000000000        0.0000000000000000        3.0951212953061872E-004
   0.0000000000000000        0.0000000000000000        1.0000000000000000        3.0951212953061872E-004
   0.0000000000000000        0.0000000000000000       -1.0000000000000000        3.0951212953061872E-004
  0.57735026918962573       0.57735026918962573       0.57735026918962573        1.8523796985974890E-003
 -0.57735026918962573       0.57735026918962573       0.57735026918962573        1.8523796985974890E-003
  0.57735026918962573      -0.57735026918962573       0.57735026918962573        1.8523796985974890E-003
 -0.57735026918962573      -0.57735026918962573       0.57735026918962573        1.8523796985974890E-003
  0.57735026918962573       0.57735026918962573      -0.57735026918962573        1.8523796985974890E-003
 -0.57735026918962573       0.57735026918962573      -0.57735026918962573        1.8523796985974890E-003
  0.57735026918962573      -0.57735026918962573      -0.57735026918962573        1.8523796985974890E-003
 -0.57735026918962573      -0.57735026918962573      -0.57735026918962573        1.8523796985974890E-003
  0.70409549382274694       0.70409549382274694        9.2190407076898254E-002   1.8717906392777439E-003
 -0.70409549382274694       0.70409549382274694        9.2190407076898254E-002   1.8717906392777439E-003
  0.70409549382274694      -0.70409549382274694        9.2190407076898254E-002   1.8717906392777439E-003
 -0.70409549382274694      -0.70409549382274694        9.2190407076898254E-002   1.8717906392777439E-003
  0.70409549382274694       0.70409549382274694       -9.2190407076898254E-002   1.8717906392777439E-003
 -0.70409549382274694       0.70409549382274694       -9.2190407076898254E-002   1.8717906392777439E-003
  0.70409549382274694      -0.70409549382274694       -9.2190407076898254E-002   1.8717906392777439E-003
 -0.70409549382274694      -0.70409549382274694       -9.2190407076898254E-002   1.8717906392777439E-003
  0.70409549382274694        9.2190407076898254E-002  0.70409549382274694        1.8717906392777439E-003
 -0.70409549382274694        9.2190407076898254E-002  0.70409549382274694        1.8717906392777439E-003
  0.70409549382274694       -9.2190407076898254E-002  0.70409549382274694        1.8717906392777439E-003
 -0.70409549382274694       -9.2190407076898254E-002  0.70409549382274694        1.8717906392777439E-003
  0.70409549382274694        9.2190407076898254E-002 -0.70409549382274694        1.8717906392777439E-003
 -0.70409549382274694        9.2190407076898254E-002 -0.70409549382274694        1.8717906392777439E-003
  0.70409549382274694       -9.2190407076898254E-002 -0.70409549382274694        1.8717906392777439E-003
 -0.70409549382274694       -9.2190407076898254E-002 -0.70409549382274694        1.8717906392777439E-003
   9.2190407076898254E-002  0.70409549382274694       0.70409549382274694        1.8717906392777439E-003
  -9.2190407076898254E-002  0.70409549382274694       0.70409549382274694        1.8717906392777439E-003
   9.2190407076898254E-002 -0.70409549382274694       0.70409549382274694        1.8717906392777439E-003
  -9.2190407076898254E-002 -0.70409549382274694       0.70409549382274694        1.8717906392777439E-003
   9.2190407076898254E-002  0.70409549382274694      -0.70409549382274694        1.8717906392777439E-003
  -9.2190407076898254E-002  0.70409549382274694      -0.70409549382274694        1.8717906392777439E-003
   9.2190407076898254E-002 -0.70409549382274694      -0.70409549382274694        1.8717906392777439E-003
  -9.2190407076898254E-002 -0.70409549382274694      -0.70409549382274694        1.8717906392777439E-003
  0.68077440664552435       0.68077440664552435       0.27035608835916480        1.8588125854383170E-003
 -0.68077440664552435       0.68077440664552435       0.27035608835916480        1.8588125854383170E-003
  0.68077440664552435      -0.68077440664552435       0.27035608835916480        1.8588125854383170E-003
 -0.68077440664552435      -0.68077440664552435       0.27035608835916480        1.8588125854383170E-003
  0.68077440664552435       0.68077440664552435      -0.27035608835916480        1.8588125854383170E-003
 -0.68077440664552435       0.68077440664552435      -0.27035608835916480        1.8588125854383170E-003
  0.68077440664552435      -0.68077440664552435      -0.27035608835916480        1.8588125854383170E-003
 -0.68077440664552435      -0.68077440664552435      -0.27035608835916480        1.8588125854383170E-003
  0.68077440664552435       0.27035608835916480       0.68077440664552435        1.8588125854383170E-003
 -0.68077440664552435       0.27035608835916480       0.68077440664552435        1.8588125854383170E-003
  0.68077440664552435      -0.27035608835916480       0.68077440664552435        1.8588125854383170E-003
 -0.68077440664552435      -0.27035608835916480       0.68077440664552435        1.8588125854383170E-003
  0.68077440664552435       0.27035608835916480      -0.68077440664552435        1.8588125854383170E-003
 -0.68077440664552435       0.27035608835916480      -0.68077440664552435        1.8588125854383170E-003
  0.68077440664552435      -0.27035608835916480      -0.68077440664552435        1.8588125854383170E-003
 -0.68077440664552435      -0.27035608835916480      -0.68077440664552435        1.8588125854383170E-003
  0.27035608835916480       0.68077440664552435       0.68077440664552435        1.8588125854383170E-003
 -0.27035608835916480       0.68077440664552435       0.68077440664552435        1.8588125854383170E-003
  0.27035608835916480      -0.68077440664552435       0.68077440664552435        1.8588125854383170E-003
 -0.27035608835916480      -0.68077440664552435       0.68077440664552435        1.8588125854383170E-003
  0.27035608835916480       0.68077440664552435      -0.68077440664552435        1.8588125854383170E-003
 -0.27035608835916480       0.68077440664552435      -0.68077440664552435        1.8588125854383170E-003
  0.27035608835916480      -0.68077440664552435      -0.68077440664552435        1.8588125854383170E-003
 -0.27035608835916480      -0.68077440664552435      -0.68077440664552435        1.8588125854383170E-003
  0.63725469392587519       0.63725469392587519       0.43337386877715439        1.8520288282962130E-003
 -0.63725469392587519       0.63725469392587519       0.43337386877715439        1.8520288282962130E-003
  0.63725469392587519      -0.63725469392587519       0.43337386877715439        1.8520288282962130E-003
 -0.63725469392587519      -0.63725469392587519       0.43337386877715439        1.8520288282962130E-003
  0.63725469392587519       0.63725469392587519      -0.43337386877715439        1.8520288282962130E-003
 -0.63725469392587519       0.63725469392587519      -0.43337386877715439        1.8520288282962130E-003
  0.63725469392587519      -0.63725469392587519      -0.43337386877715439        1.8520288282962130E-003
 -0.63725469392587519      -0.63725469392587519      -0.43337386877715439        1.8520288282962130E-003
  0.63725469392587519       0.43337386877715439       0.63725469392587519        1.8520288282962130E-003
 -0.63725469392587519       0.43337386877715439       0.63725469392587519        1.8520288282962130E-003
  0.63725469392587519      -0.43337386877715439       0.63725469392587519        1.8520288282962130E-003
 -0.63725469392587519      -0.43337386877715439       0.63725469392587519        1.8520288282962130E-003
  0.63725469392587519       0.43337386877715439      -0.63725469392587519        1.8520288282962130E-003
 -0.63725469392587519       0.43337386877715439      -0.63725469392587519        1.8520288282962130E-003
  0.63725469392587519      -0.43337386877715439      -0.63725469392587519        1.8520288282962130E-003
 -0.63725469392587519      -0.43337386877715439      -0.63725469392587519        1.8520288282962130E-003
  0.43337386877715439       0.63725469392587519       0.63725469392587519        1.8520288282962130E-003
 -0.43337386877715439       0.63725469392587519       0.63725469392587519        1.8520288282962130E-003
  0.43337386877715439      -0.63725469392587519       0.63725469392587519        1.8520288282962130E-003
 -0.43337386877715439      -0.63725469392587519       0.63725469392587519        1.8520288282962130E-003
  0.43337386877715439       0.63725469392587519      -0.63725469392587519        1.8520288282962130E-003
 -0.43337386877715439       0.63725469392587519      -0.63725469392587519        1.8520288282962130E-003
  0.43337386877715439      -0.63725469392587519      -0.63725469392587519        1.8520288282962130E-003
 -0.43337386877715439      -0.63725469392587519      -0.63725469392587519        1.8520288282962130E-003
  0.50444197078003583       0.50444197078003583       0.70076857537357296        1.8467159561512420E-003
 -0.50444197078003583       0.50444197078003583       0.70076857537357296        1.8467159561512420E-003
  0.50444197078003583      -0.50444197078003583       0.70076857537357296        1.8467159561512420E-003
 -0.50444197078003583      -0.50444197078003583       0.70076857537357296        1.8467159561512420E-003
  0.50444197078003583       0.50444197078003583      -0.70076857537357296        1.8467159561512420E-003
 -0.50444197078003583       0.50444197078003583      -0.70076857537357296        1.8467159561512420E-003
  0.50444197078003583      -0.50444197078003583      -0.70076857537357296        1.8467159561512420E-003
 -0.50444197078003583      -0.50444197078003583      -0.70076857537357296        1.8467159561512420E-003
  0.50444197078003583       0.70076857537357296       0.50444197078003583        1.8467159561512420E-003
 -0.50444197078003583       0.70076857537357296       0.50444197078003583        1.8467159561512420E-003
  0.50444197078003583      -0.70076857537357296       0.50444197078003583        1.8467159561512420E-003
 -0.50444197078003583      -0.70076857537357296       0.50444197078003583        1.8467159561512420E-003
  0.50444197078003583       0.70076857537357296      -0.50444197078003583        1.8467159561512420E-003
 -0.50444197078003583       0.70076857537357296      -0.50444197078003583        1.8467159561512420E-003
  0.50444197078003583      -0.70076857537357296      -0.50444197078003583        1.8467159561512420E-003
 -0.50444197078003583      -0.70076857537357296      -0.50444197078003583        1.8467159561512420E-003
  0.70076857537357296       0.50444197078003583       0.50444197078003583        1.8467159561512420E-003
 -0.70076857537357296       0.50444197078003583       0.50444197078003583        1.8467159561512420E-003
  0.70076857537357296      -0.50444197078003583       0.50444197078003583        1.8467159561512420E-003
 -0.70076857537357296      -0.50444197078003583       0.50444197078003583        1.8467159561512420E-003
  0.70076857537357296       0.50444197078003583      -0.50444197078003583        1.8467159561512420E-003
 -0.70076857537357296       0.50444197078003583      -0.50444197078003583        1.8467159561512420E-003
  0.70076857537357296      -0.50444197078003583      -0.50444197078003583        1.8467159561512420E-003
 -0.70076857537357296      -0.50444197078003583      -0.50444197078003583        1.8467159561512420E-003
  0.42157617840109668       0.42157617840109668       0.80283687733527376        1.8184717781627689E-003
 -0.42157617840109668       0.42157617840109668       0.80283687733527376        1.8184717781627689E-003
  0.42157617840109668      -0.42157617840109668       0.80283687733527376        1.8184717781627689E-003
 -0.42157617840109668      -0.42157617840109668       0.80283687733527376        1.8184717781627689E-003
  0.42157617840109668       0.42157617840109668      -0.80283687733527376        1.8184717781627689E-003
 -0.42157617840109668       0.42157617840109668      -0.80283687733527376        1.8184717781627689E-003
  0.42157617840109668      -0.42157617840109668      -0.80283687733527376        1.8184717781627689E-003
 -0.42157617840109668      -0.42157617840109668      -0.80283687733527376        1.8184717781627689E-003
  0.42157617840109668       0.80283687733527376       0.42157617840109668        1.8184717781627689E-003
 -0.42157617840109668       0.80283687733527376       0.42157617840109668        1.8184717781627689E-003
  0.42157617840109668      -0.80283687733527376       0.42157617840109668        1.8184717781627689E-003
 -0.42157617840109668      -0.80283687733527376       0.42157617840109668        1.8184717781627689E-003
  0.42157617840109668       0.80283687733527376      -0.42157617840109668        1.8184717781627689E-003
 -0.42157617840109668       0.80283687733527376      -0.42157617840109668        1.8184717781627689E-003
  0.42157617840109668      -0.80283687733527376      -0.42157617840109668        1.8184717781627689E-003
 -0.42157617840109668      -0.80283687733527376      -0.42157617840109668        1.8184717781627689E-003
  0.80283687733527376       0.42157617840109668       0.42157617840109668        1.8184717781627689E-003
 -0.80283687733527376       0.42157617840109668       0.42157617840109668        1.8184717781627689E-003
  0.80283687733527376      -0.42157617840109668       0.42157617840109668        1.8184717781627689E-003
 -0.80283687733527376      -0.42157617840109668       0.42157617840109668        1.8184717781627689E-003
  0.80283687733527376       0.42157617840109668      -0.42157617840109668        1.8184717781627689E-003
 -0.80283687733527376       0.42157617840109668      -0.42157617840109668        1.8184717781627689E-003
  0.80283687733527376      -0.42157617840109668      -0.42157617840109668        1.8184717781627689E-003
 -0.80283687733527376      -0.42157617840109668      -0.42157617840109668        1.8184717781627689E-003
  0.33179207364721230       0.33179207364721230       0.88307872793413256        1.7495646572811541E-003
 -0.33179207364721230       0.33179207364721230       0.88307872793413256        1.7495646572811541E-003
  0.33179207364721230      -0.33179207364721230       0.88307872793413256        1.7495646572811541E-003
 -0.33179207364721230      -0.33179207364721230       0.88307872793413256        1.7495646572811541E-003
  0.33179207364721230       0.33179207364721230      -0.88307872793413256        1.7495646572811541E-003
 -0.33179207364721230       0.33179207364721230      -0.88307872793413256        1.7495646572811541E-003
  0.33179207364721230      -0.33179207364721230      -0.88307872793413256        1.7495646572811541E-003
 -0.33179207364721230      -0.33179207364721230      -0.88307872793413256        1.7495646572811541E-003
  0.33179207364721230       0.88307872793413256       0.33179207364721230        1.7495646572811541E-003
 -0.33179207364721230       0.88307872793413256       0.33179207364721230        1.7495646572811541E-003
  0.33179207364721230      -0.88307872793413256       0.33179207364721230        1.7495646572811541E-003
 -0.33179207364721230      -0.88307872793413256       0.33179207364721230        1.7495646572811541E-003
  0.33179207364721230       0.88307872793413256      -0.33179207364721230        1.7495646572811541E-003
 -0.33179207364721230       0.88307872793413256      -0.33179207364721230        1.7495646572811541E-003
  0.33179207364721230      -0.88307872793413256      -0.33179207364721230        1.7495646572811541E-003
 -0.33179207364721230      -0.88307872793413256      -0.33179207364721230        1.7495646572811541E-003
  0.88307872793413256       0.33179207364721230       0.33179207364721230        1.7495646572811541E-003
 -0.88307872793413256       0.33179207364721230       0.33179207364721230        1.7495646572811541E-003
  0.88307872793413256      -0.33179207364721230       0.33179207364721230        1.7495646572811541E-003
 -0.88307872793413256      -0.33179207364721230       0.33179207364721230        1.7495646572811541E-003
  0.88307872793413256       0.33179207364721230      -0.33179207364721230        1.7495646572811541E-003
 -0.88307872793413256       0.33179207364721230      -0.33179207364721230        1.7495646572811541E-003
  0.88307872793413256      -0.33179207364721230      -0.33179207364721230        1.7495646572811541E-003
 -0.88307872793413256      -0.33179207364721230      -0.33179207364721230        1.7495646572811541E-003
  0.23847367014218870       0.23847367014218870       0.94141415822040253        1.6172106472544111E-003
 -0.23847367014218870       0.23847367014218870       0.94141415822040253        1.6172106472544111E-003
  0.23847367014218870      -0.23847367014218870       0.94141415822040253        1.6172106472544111E-003
 -0.23847367014218870      -0.23847367014218870       0.94141415822040253        1.6172106472544111E-003
  0.23847367014218870       0.23847367014218870      -0.94141415822040253        1.6172106472544111E-003
 -0.23847367014218870       0.23847367014218870      -0.94141415822040253        1.6172106472544111E-003
  0.23847367014218870      -0.23847367014218870      -0.94141415822040253        1.6172106472544111E-003
 -0.23847367014218870      -0.23847367014218870      -0.94141415822040253        1.6172106472544111E-003
  0.23847367014218870       0.94141415822040253       0.23847367014218870        1.6172106472544111E-003
 -0.23847367014218870       0.94141415822040253       0.23847367014218870        1.6172106472544111E-003
  0.23847367014218870      -0.94141415822040253       0.23847367014218870        1.6172106472544111E-003
 -0.23847367014218870      -0.94141415822040253       0.23847367014218870        1.6172106472544111E-003
  0.23847367014218870       0.94141415822040253      -0.23847367014218870        1.6172106472544111E-003
 -0.23847367014218870       0.94141415822040253      -0.23847367014218870        1.6172106472544111E-003
  0.23847367014218870      -0.94141415822040253      -0.23847367014218870        1.6172106472544111E-003
 -0.23847367014218870      -0.94141415822040253      -0.23847367014218870        1.6172106472544111E-003
  0.94141415822040253       0.23847367014218870       0.23847367014218870        1.6172106472544111E-003
 -0.94141415822040253       0.23847367014218870       0.23847367014218870        1.6172106472544111E-003
  0.94141415822040253      -0.23847367014218870       0.23847367014218870        1.6172106472544111E-003
 -0.94141415822040253      -0.23847367014218870       0.23847367014218870        1.6172106472544111E-003
  0.94141415822040253       0.23847367014218870      -0.23847367014218870        1.6172106472544111E-003
 -0.94141415822040253       0.23847367014218870      -0.23847367014218870        1.6172106472544111E-003
  0.94141415822040253      -0.23847367014218870      -0.23847367014218870        1.6172106472544111E-003
 -0.94141415822040253      -0.23847367014218870      -0.23847367014218870        1.6172106472544111E-003
  0.14590364491577629       0.14590364491577629       0.97848058376269387        1.3847372348516919E-003
 -0.14590364491577629       0.14590364491577629       0.97848058376269387        1.3847372348516919E-003
  0.14590364491577629      -0.14590364491577629       0.97848058376269387        1.3847372348516919E-003
 -0.14590364491577629      -0.14590364491577629       0.97848058376269387        1.3847372348516919E-003
  0.14590364491577629       0.14590364491577629      -0.97848058376269387        1.3847372348516919E-003
 -0.14590364491577629       0.14590364491577629      -0.97848058376269387        1.3847372348516919E-003
  0.14590364491577629      -0.14590364491577629      -0.97848058376269387        1.3847372348516919E-003
 -0.14590364491577629      -0.14590364491577629      -0.97848058376269387        1.3847372348516919E-003
  0.14590364491577629       0.97848058376269387       0.14590364491577629        1.3847372348516919E-003
 -0.14590364491577629       0.97848058376269387       0.14590364491577629        1.3847372348516919E-003
  0.14590364491577629      -0.97848058376269387       0.14590364491577629        1.3847372348516919E-003
 -0.14590364491577629      -0.97848058376269387       0.14590364491577629        1.3847372348516919E-003
  0.14590364491577629       0.97848058376269387      -0.14590364491577629        1.3847372348516919E-003
 -0.14590364491577629       0.97848058376269387      -0.14590364491577629        1.3847372348516919E-003
  0.14590364491577629      -0.97848058376269387      -0.14590364491577629        1.3847372348516919E-003
 -0.14590364491577629      -0.97848058376269387      -0.14590364491577629        1.3847372348516919E-003
  0.97848058376269387       0.14590364491577629       0.14590364491577629        1.3847372348516919E-003
 -0.97848058376269387       0.14590364491577629       0.14590364491577629        1.3847372348516919E-003
  0.97848058376269387      -0.14590364491577629       0.14590364491577629        1.3847372348516919E-003
 -0.97848058376269387      -0.14590364491577629       0.14590364491577629        1.3847372348516919E-003
  0.97848058376269387       0.14590364491577629      -0.14590364491577629        1.3847372348516919E-003
 -0.97848058376269387       0.14590364491577629      -0.14590364491577629        1.3847372348516919E-003
  0.97848058376269387      -0.14590364491577629      -0.14590364491577629        1.3847372348516919E-003
 -0.97848058376269387      -0.14590364491577629      -0.14590364491577629        1.3847372348516919E-003
   6.0950341155071960E-002   6.0950341155071960E-002  0.99627812975401642        9.7643311650510501E-004
  -6.0950341155071960E-002   6.0950341155071960E-002  0.99627812975401642        9.7643311650510501E-004
   6.0950341155071960E-002  -6.0950341155071960E-002  0.99627812975401642        9.7643311650510501E-004
  -6.0950341155071960E-002  -6.0950341155071960E-002  0.99627812975401642        9.7643311650510501E-004
   6.0950341155071960E-002   6.0950341155071960E-002 -0.99627812975401642        9.7643311650510501E-004
  -6.0950341155071960E-002   6.0950341155071960E-002 -0.99627812975401642        9.7643311650510501E-004
   6.0950341155071960E-002  -6.0950341155071960E-002 -0.99627812975401642        9.7643311650510501E-004
  -6.0950341155071960E-002  -6.0950341155071960E-002 -0.99627812975401642        9.7643311650510501E-004
   6.0950341155071960E-002  0.99627812975401642        6.0950341155071960E-002   9.7643311650510501E-004
  -6.0950341155071960E-002  0.99627812975401642        6.0950341155071960E-002   9.7643311650510501E-004
   6.0950341155071960E-002 -0.99627812975401642        6.0950341155071960E-002   9.7643311650510501E-004
  -6.0950341155071960E-002 -0.99627812975401642        6.0950341155071960E-002   9.7643311650510501E-004
   6.0950341155071960E-002  0.99627812975401642       -6.0950341155071960E-002   9.7643311650510501E-004
  -6.0950341155071960E-002  0.99627812975401642       -6.0950341155071960E-002   9.7643311650510501E-004
   6.0950341155071960E-002 -0.99627812975401642       -6.0950341155071960E-002   9.7643311650510501E-004
  -6.0950341155071960E-002 -0.99627812975401642       -6.0950341155071960E-002   9.7643311650510501E-004
  0.99627812975401642        6.0950341155071960E-002   6.0950341155071960E-002   9.7643311650510501E-004
 -0.99627812975401642        6.0950341155071960E-002   6.0950341155071960E-002   9.7643311650510501E-004
  0.99627812975401642       -6.0950341155071960E-002   6.0950341155071960E-002   9.7643311650510501E-004
 -0.99627812975401642       -6.0950341155071960E-002   6.0950341155071960E-002   9.7643311650510501E-004
  0.99627812975401642        6.0950341155071960E-002  -6.0950341155071960E-002   9.7643311650510501E-004
 -0.99627812975401642        6.0950341155071960E-002  -6.0950341155071960E-002   9.7643311650510501E-004
  0.99627812975401642       -6.0950341155071960E-002  -6.0950341155071960E-002   9.7643311650510501E-004
 -0.99627812975401642       -6.0950341155071960E-002  -6.0950341155071960E-002   9.7643311650510501E-004
  0.61168434420098761       0.79110192962690196        0.0000000000000000        1.8571611967740779E-003
 -0.61168434420098761       0.79110192962690196        0.0000000000000000        1.8571611967740779E-003
  0.61168434420098761      -0.79110192962690196        0.0000000000000000        1.8571611967740779E-003
 -0.61168434420098761      -0.79110192962690196        0.0000000000000000        1.8571611967740779E-003
  0.79110192962690196       0.61168434420098761        0.0000000000000000        1.8571611967740779E-003
 -0.79110192962690196       0.61168434420098761        0.0000000000000000        1.8571611967740779E-003
  0.79110192962690196      -0.61168434420098761        0.0000000000000000        1.8571611967740779E-003
 -0.79110192962690196      -0.61168434420098761        0.0000000000000000        1.8571611967740779E-003
  0.61168434420098761        0.0000000000000000       0.79110192962690196        1.8571611967740779E-003
 -0.61168434420098761        0.0000000000000000       0.79110192962690196        1.8571611967740779E-003
  0.61168434420098761        0.0000000000000000      -0.79110192962690196        1.8571611967740779E-003
 -0.61168434420098761        0.0000000000000000      -0.79110192962690196        1.8571611967740779E-003
  0.79110192962690196        0.0000000000000000       0.61168434420098761        1.8571611967740779E-003
 -0.79110192962690196        0.0000000000000000       0.61168434420098761        1.8571611967740779E-003
  0.79110192962690196        0.0000000000000000      -0.61168434420098761        1.8571611967740779E-003
 -0.79110192962690196        0.0000000000000000      -0.61168434420098761        1.8571611967740779E-003
   0.0000000000000000       0.61168434420098761       0.79110192962690196        1.8571611967740779E-003
   0.0000000000000000      -0.61168434420098761       0.79110192962690196        1.8571611967740779E-003
   0.0000000000000000       0.61168434420098761      -0.79110192962690196        1.8571611967740779E-003
   0.0000000000000000      -0.61168434420098761      -0.79110192962690196        1.8571611967740779E-003
   0.0000000000000000       0.79110192962690196       0.61168434420098761        1.8571611967740779E-003
   0.0000000000000000      -0.79110192962690196       0.61168434420098761        1.8571611967740779E-003
   0.0000000000000000       0.79110192962690196      -0.61168434420098761        1.8571611967740779E-003
   0.0000000000000000      -0.79110192962690196      -0.61168434420098761        1.8571611967740779E-003
  0.39647553481998582       0.91804528771145399        0.0000000000000000        1.7051539963958641E-003
 -0.39647553481998582       0.91804528771145399        0.0000000000000000        1.7051539963958641E-003
  0.39647553481998582      -0.91804528771145399        0.0000000000000000        1.7051539963958641E-003
 -0.39647553481998582      -0.91804528771145399        0.0000000000000000        1.7051539963958641E-003
  0.91804528771145399       0.39647553481998582        0.0000000000000000        1.7051539963958641E-003
 -0.91804528771145399       0.39647553481998582        0.0000000000000000        1.7051539963958641E-003
  0.91804528771145399      -0.39647553481998582        0.0000000000000000        1.7051539963958641E-003
 -0.91804528771145399      -0.39647553481998582        0.0000000000000000        1.7051539963958641E-003
  0.39647553481998582        0.0000000000000000       0.91804528771145399        1.7051539963958641E-003
 -0.39647553481998582        0.0000000000000000       0.91804528771145399        1.7051539963958641E-003
  0.39647553481998582        0.0000000000000000      -0.91804528771145399        1.7051539963958641E-003
 -0.39647553481998582        0.0000000000000000      -0.91804528771145399        1.7051539963958641E-003
  0.91804528771145399        0.0000000000000000       0.39647553481998582        1.7051539963958641E-003
 -0.91804528771145399        0.0000000000000000       0.39647553481998582        1.7051539963958641E-003
  0.91804528771145399        0.0000000000000000      -0.39647553481998582        1.7051539963958641E-003
 -0.91804528771145399        0.0000000000000000      -0.39647553481998582        1.7051539963958641E-003
   0.0000000000000000       0.39647553481998582       0.91804528771145399        1.7051539963958641E-003
   0.0000000000000000      -0.39647553481998582       0.91804528771145399        1.7051539963958641E-003
   0.0000000000000000       0.39647553481998582      -0.91804528771145399        1.7051539963958641E-003
   0.0000000000000000      -0.39647553481998582      -0.91804528771145399        1.7051539963958641E-003
   0.0000000000000000       0.91804528771145399       0.39647553481998582        1.7051539963958641E-003
   0.0000000000000000      -0.91804528771145399       0.39647553481998582        1.7051539963958641E-003
   0.0000000000000000       0.91804528771145399      -0.39647553481998582        1.7051539963958641E-003
   0.0000000000000000      -0.91804528771145399      -0.39647553481998582        1.7051539963958641E-003
  0.17247820099077241       0.98501333502800192        0.0000000000000000        1.3003216858860479E-003
 -0.17247820099077241       0.98501333502800192        0.0000000000000000        1.3003216858860479E-003
  0.17247820099077241      -0.98501333502800192        0.0000000000000000        1.3003216858860479E-003
 -0.17247820099077241      -0.98501333502800192        0.0000000000000000        1.3003216858860479E-003
  0.98501333502800192       0.17247820099077241        0.0000000000000000        1.3003216858860479E-003
 -0.98501333502800192       0.17247820099077241        0.0000000000000000        1.3003216858860479E-003
  0.98501333502800192      -0.17247820099077241        0.0000000000000000        1.3003216858860479E-003
 -0.98501333502800192      -0.17247820099077241        0.0000000000000000        1.3003216858860479E-003
  0.17247820099077241        0.0000000000000000       0.98501333502800192        1.3003216858860479E-003
 -0.17247820099077241        0.0000000000000000       0.98501333502800192        1.3003216858860479E-003
  0.17247820099077241        0.0000000000000000      -0.98501333502800192        1.3003216858860479E-003
 -0.17247820099077241        0.0000000000000000      -0.98501333502800192        1.3003216858860479E-003
  0.98501333502800192        0.0000000000000000       0.17247820099077241        1.3003216858860479E-003
 -0.98501333502800192        0.0000000000000000       0.17247820099077241        1.3003216858860479E-003
  0.98501333502800192        0.0000000000000000      -0.17247820099077241        1.3003216858860479E-003
 -0.98501333502800192        0.0000000000000000      -0.17247820099077241        1.3003216858860479E-003
   0.0000000000000000       0.17247820099077241       0.98501333502800192        1.3003216858860479E-003
   0.0000000000000000      -0.17247820099077241       0.98501333502800192        1.3003216858860479E-003
   0.0000000000000000       0.17247820099077241      -0.98501333502800192        1.3003216858860479E-003
   0.0000000000000000      -0.17247820099077241      -0.98501333502800192        1.3003216858860479E-003
   0.0000000000000000       0.98501333502800192       0.17247820099077241        1.3003216858860479E-003
   0.0000000000000000      -0.98501333502800192       0.17247820099077241        1.3003216858860479E-003
   0.0000000000000000       0.98501333502800192      -0.17247820099077241        1.3003216858860479E-003
   0.0000000000000000      -0.98501333502800192      -0.17247820099077241        1.3003216858860479E-003
  0.56102638086220602       0.35182809277335192       0.74931061190411585        1.8428664729052860E-003
 -0.56102638086220602       0.35182809277335192       0.74931061190411585        1.8428664729052860E-003
  0.56102638086220602      -0.35182809277335192       0.74931061190411585        1.8428664729052860E-003
 -0.56102638086220602      -0.35182809277335192       0.74931061190411585        1.8428664729052860E-003
  0.56102638086220602       0.35182809277335192      -0.74931061190411585        1.8428664729052860E-003
 -0.56102638086220602       0.35182809277335192      -0.74931061190411585        1.8428664729052860E-003
  0.56102638086220602      -0.35182809277335192      -0.74931061190411585        1.8428664729052860E-003
 -0.56102638086220602      -0.35182809277335192      -0.74931061190411585        1.8428664729052860E-003
  0.56102638086220602       0.74931061190411585       0.35182809277335192        1.8428664729052860E-003
 -0.56102638086220602       0.74931061190411585       0.35182809277335192        1.8428664729052860E-003
  0.56102638086220602      -0.74931061190411585       0.35182809277335192        1.8428664729052860E-003
 -0.56102638086220602      -0.74931061190411585       0.35182809277335192        1.8428664729052860E-003
  0.56102638086220602       0.74931061190411585      -0.35182809277335192        1.8428664729052860E-003
 -0.56102638086220602       0.74931061190411585      -0.35182809277335192        1.8428664729052860E-003
  0.56102638086220602      -0.74931061190411585      -0.35182809277335192        1.8428664729052860E-003
 -0.56102638086220602      -0.74931061190411585      -0.35182809277335192        1.8428664729052860E-003
  0.35182809277335192       0.56102638086220602       0.74931061190411585        1.8428664729052860E-003
 -0.35182809277335192       0.56102638086220602       0.74931061190411585        1.8428664729052860E-003
  0.35182809277335192      -0.56102638086220602       0.74931061190411585        1.8428664729052860E-003
 -0.35182809277335192      -0.56102638086220602       0.74931061190411585        1.8428664729052860E-003
  0.35182809277335192       0.56102638086220602      -0.74931061190411585        1.8428664729052860E-003
 -0.35182809277335192       0.56102638086220602      -0.74931061190411585        1.8428664729052860E-003
  0.35182809277335192      -0.56102638086220602      -0.74931061190411585        1.8428664729052860E-003
 -0.35182809277335192      -0.56102638086220602      -0.74931061190411585        1.8428664729052860E-003
  0.35182809277335192       0.74931061190411585       0.56102638086220602        1.8428664729052860E-003
 -0.35182809277335192       0.74931061190411585       0.56102638086220602        1.8428664729052860E-003
  0.35182809277335192      -0.74931061190411585       0.56102638086220602        1.8428664729052860E-003
 -0.35182809277335192      -0.74931061190411585       0.56102638086220602        1.8428664729052860E-003
  0.35182809277335192       0.74931061190411585      -0.56102638086220602        1.8428664729052860E-003
 -0.35182809277335192       0.74931061190411585      -0.56102638086220602        1.8428664729052860E-003
  0.35182809277335192      -0.74931061190411585      -0.56102638086220602        1.8428664729052860E-003
 -0.35182809277335192      -0.74931061190411585      -0.56102638086220602        1.8428664729052860E-003
  0.74931061190411585       0.56102638086220602       0.35182809277335192        1.8428664729052860E-003
 -0.74931061190411585       0.56102638086220602       0.35182809277335192        1.8428664729052860E-003
  0.74931061190411585      -0.56102638086220602       0.35182809277335192        1.8428664729052860E-003
 -0.74931061190411585      -0.56102638086220602       0.35182809277335192        1.8428664729052860E-003
  0.74931061190411585       0.56102638086220602      -0.35182809277335192        1.8428664729052860E-003
 -0.74931061190411585       0.56102638086220602      -0.35182809277335192        1.8428664729052860E-003
  0.74931061190411585      -0.56102638086220602      -0.35182809277335192        1.8428664729052860E-003
 -0.74931061190411585      -0.56102638086220602      -0.35182809277335192        1.8428664729052860E-003
  0.74931061190411585       0.35182809277335192       0.56102638086220602        1.8428664729052860E-003
 -0.74931061190411585       0.35182809277335192       0.56102638086220602        1.8428664729052860E-003
  0.74931061190411585      -0.35182809277335192       0.56102638086220602        1.8428664729052860E-003
 -0.74931061190411585      -0.35182809277335192       0.56102638086220602        1.8428664729052860E-003
  0.74931061190411585       0.35182809277335192      -0.56102638086220602        1.8428664729052860E-003
 -0.74931061190411585       0.35182809277335192      -0.56102638086220602        1.8428664729052860E-003
  0.74931061190411585      -0.35182809277335192      -0.56102638086220602        1.8428664729052860E-003
 -0.74931061190411585      -0.35182809277335192      -0.56102638086220602        1.8428664729052860E-003
  0.47423928425519801       0.26347166559379498       0.84004748835905041        1.8026589343774510E-003
 -0.47423928425519801       0.26347166559379498       0.84004748835905041        1.8026589343774510E-003
  0.47423928425519801      -0.26347166559379498       0.84004748835905041        1.8026589343774510E-003
 -0.47423928425519801      -0.26347166559379498       0.84004748835905041        1.8026589343774510E-003
  0.47423928425519801       0.26347166559379498      -0.84004748835905041        1.8026589343774510E-003
 -0.47423928425519801       0.26347166559379498      -0.84004748835905041        1.8026589343774510E-003
  0.47423928425519801      -0.26347166559379498      -0.84004748835905041        1.8026589343774510E-003
 -0.47423928425519801      -0.26347166559379498      -0.84004748835905041        1.8026589343774510E-003
  0.47423928425519801       0.84004748835905041       0.26347166559379498        1.8026589343774510E-003
 -0.47423928425519801       0.84004748835905041       0.26347166559379498        1.8026589343774510E-003
  0.47423928425519801      -0.84004748835905041       0.26347166559379498        1.8026589343774510E-003
 -0.47423928425519801      -0.84004748835905041       0.26347166559379498        1.8026589343774510E-003
  0.47423928425519801       0.84004748835905041      -0.26347166559379498        1.8026589343774510E-003
 -0.47423928425519801       0.84004748835905041      -0.26347166559379498        1.8026589343774510E-003
  0.47423928425519801      -0.84004748835905041      -0.26347166559379498        1.8026589343774510E-003
 -0.47423928425519801      -0.84004748835905041      -0.26347166559379498        1.8026589343774510E-003
  0.26347166559379498       0.47423928425519801       0.84004748835905041        1.8026589343774510E-003
 -0.26347166559379498       0.47423928425519801       0.84004748835905041        1.8026589343774510E-003
  0.26347166559379498      -0.47423928425519801       0.84004748835905041        1.8026589343774510E-003
 -0.26347166559379498      -0.47423928425519801       0.84004748835905041        1.8026589343774510E-003
  0.26347166559379498       0.47423928425519801      -0.84004748835905041        1.8026589343774510E-003
 -0.26347166559379498       0.47423928425519801      -0.84004748835905041        1.8026589343774510E-003
  0.26347166559379498      -0.47423928425519801      -0.84004748835905041        1.8026589343774510E-003
 -0.26347166559379498      -0.47423928425519801      -0.84004748835905041        1.8026589343774510E-003
  0.26347166559379498       0.84004748835905041       0.47423928425519801        1.8026589343774510E-003
 -0.26347166559379498       0.84004748835905041       0.47423928425519801        1.8026589343774510E-003
  0.26347166559379498      -0.84004748835905041       0.47423928425519801        1.8026589343774510E-003
 -0.26347166559379498      -0.84004748835905041       0.47423928425519801        1.8026589343774510E-003
  0.26347166559379498       0.84004748835905041      -0.47423928425519801        1.8026589343774510E-003
 -0.26347166559379498       0.84004748835905041      -0.47423928425519801        1.8026589343774510E-003
  0.26347166559379498      -0.84004748835905041      -0.47423928425519801        1.8026589343774510E-003
 -0.26347166559379498      -0.84004748835905041      -0.47423928425519801        1.8026589343774510E-003
  0.84004748835905041       0.47423928425519801       0.26347166559379498        1.8026589343774510E-003
 -0.84004748835905041       0.47423928425519801       0.26347166559379498        1.8026589343774510E-003
  0.84004748835905041      -0.47423928425519801       0.26347166559379498        1.8026589343774510E-003
 -0.84004748835905041      -0.47423928425519801       0.26347166559379498        1.8026589343774510E-003
  0.84004748835905041       0.47423928425519801      -0.26347166559379498        1.8026589343774510E-003
 -0.84004748835905041       0.47423928425519801      -0.26347166559379498        1.8026589343774510E-003
  0.84004748835905041      -0.47423928425519801      -0.26347166559379498        1.8026589343774510E-003
 -0.84004748835905041      -0.47423928425519801      -0.26347166559379498        1.8026589343774510E-003
  0.84004748835905041       0.26347166559379498       0.47423928425519801        1.8026589343774510E-003
 -0.84004748835905041       0.26347166559379498       0.47423928425519801        1.8026589343774510E-003
  0.84004748835905041      -0.26347166559379498       0.47423928425519801        1.8026589343774510E-003
 -0.84004748835905041      -0.26347166559379498       0.47423928425519801        1.8026589343774510E-003
  0.84004748835905041       0.26347166559379498      -0.47423928425519801        1.8026589343774510E-003
 -0.84004748835905041       0.26347166559379498      -0.47423928425519801        1.8026589343774510E-003
  0.84004748835905041      -0.26347166559379498      -0.47423928425519801        1.8026589343774510E-003
 -0.84004748835905041      -0.26347166559379498      -0.47423928425519801        1.8026589343774510E-003
  0.59841264978853803       0.18166408403602091       0.78032074247992034        1.8498305604436600E-003
 -0.59841264978853803       0.18166408403602091       0.78032074247992034        1.8498305604436600E-003
  0.59841264978853803      -0.18166408403602091       0.78032074247992034        1.8498305604436600E-003
 -0.59841264978853803      -0.18166408403602091       0.78032074247992034        1.8498305604436600E-003
  0.59841264978853803       0.18166408403602091      -0.78032074247992034        1.8498305604436600E-003
 -0.59841264978853803       0.18166408403602091      -0.78032074247992034        1.8498305604436600E-003
  0.59841264978853803      -0.18166408403602091      -0.78032074247992034        1.8498305604436600E-003
 -0.59841264978853803      -0.18166408403602091      -0.78032074247992034        1.8498305604436600E-003
  0.59841264978853803       0.78032074247992034       0.18166408403602091        1.8498305604436600E-003
 -0.59841264978853803       0.78032074247992034       0.18166408403602091        1.8498305604436600E-003
  0.59841264978853803      -0.78032074247992034       0.18166408403602091        1.8498305604436600E-003
 -0.59841264978853803      -0.78032074247992034       0.18166408403602091        1.8498305604436600E-003
  0.59841264978853803       0.78032074247992034      -0.18166408403602091        1.8498305604436600E-003
 -0.59841264978853803       0.78032074247992034      -0.18166408403602091        1.8498305604436600E-003
  0.59841264978853803      -0.78032074247992034      -0.18166408403602091        1.8498305604436600E-003
 -0.59841264978853803      -0.78032074247992034      -0.18166408403602091        1.8498305604436600E-003
  0.18166408403602091       0.59841264978853803       0.78032074247992034        1.8498305604436600E-003
 -0.18166408403602091       0.59841264978853803       0.78032074247992034        1.8498305604436600E-003
  0.18166408403602091      -0.59841264978853803       0.78032074247992034        1.8498305604436600E-003
 -0.18166408403602091      -0.59841264978853803       0.78032074247992034        1.8498305604436600E-003
  0.18166408403602091       0.59841264978853803      -0.78032074247992034        1.8498305604436600E-003
 -0.18166408403602091       0.59841264978853803      -0.78032074247992034        1.8498305604436600E-003
  0.18166408403602091      -0.59841264978853803      -0.78032074247992034        1.8498305604436600E-003
 -0.18166408403602091      -0.59841264978853803      -0.78032074247992034        1.8498305604436600E-003
  0.18166408403602091       0.78032074247992034       0.59841264978853803        1.8498305604436600E-003
 -0.18166408403602091       0.78032074247992034       0.59841264978853803        1.8498305604436600E-003
  0.18166408403602091      -0.78032074247992034       0.59841264978853803        1.8498305604436600E-003
 -0.18166408403602091      -0.78032074247992034       0.59841264978853803        1.8498305604436600E-003
  0.18166408403602091       0.78032074247992034      -0.59841264978853803        1.8498305604436600E-003
 -0.18166408403602091       0.78032074247992034      -0.59841264978853803        1.8498305604436600E-003
  0.18166408403602091      -0.78032074247992034      -0.59841264978853803        1.8498305604436600E-003
 -0.18166408403602091      -0.78032074247992034      -0.59841264978853803        1.8498305604436600E-003
  0.78032074247992034       0.59841264978853803       0.18166408403602091        1.8498305604436600E-003
 -0.78032074247992034       0.59841264978853803       0.18166408403602091        1.8498305604436600E-003
  0.78032074247992034      -0.59841264978853803       0.18166408403602091        1.8498305604436600E-003
 -0.78032074247992034      -0.59841264978853803       0.18166408403602091        1.8498305604436600E-003
  0.78032074247992034       0.59841264978853803      -0.18166408403602091        1.8498305604436600E-003
 -0.78032074247992034       0.59841264978853803      -0.18166408403602091        1.8498305604436600E-003
  0.78032074247992034      -0.59841264978853803      -0.18166408403602091        1.8498305604436600E-003
 -0.78032074247992034      -0.59841264978853803      -0.18166408403602091        1.8498305604436600E-003
  0.78032074247992034       0.18166408403602091       0.59841264978853803        1.8498305604436600E-003
 -0.78032074247992034       0.18166408403602091       0.59841264978853803        1.8498305604436600E-003
  0.78032074247992034      -0.18166408403602091       0.59841264978853803        1.8498305604436600E-003
 -0.78032074247992034      -0.18166408403602091       0.59841264978853803        1.8498305604436600E-003
  0.78032074247992034       0.18166408403602091      -0.59841264978853803        1.8498305604436600E-003
 -0.78032074247992034       0.18166408403602091      -0.59841264978853803        1.8498305604436600E-003
  0.78032074247992034      -0.18166408403602091      -0.59841264978853803        1.8498305604436600E-003
 -0.78032074247992034      -0.18166408403602091      -0.59841264978853803        1.8498305604436600E-003
  0.37910354076955632       0.17207952256568779       0.90921347509237360        1.7139045071067091E-003
 -0.37910354076955632       0.17207952256568779       0.90921347509237360        1.7139045071067091E-003
  0.37910354076955632      -0.17207952256568779       0.90921347509237360        1.7139045071067091E-003
 -0.37910354076955632      -0.17207952256568779       0.90921347509237360        1.7139045071067091E-003
  0.37910354076955632       0.17207952256568779      -0.90921347509237360        1.7139045071067091E-003
 -0.37910354076955632       0.17207952256568779      -0.90921347509237360        1.7139045071067091E-003
  0.37910354076955632      -0.17207952256568779      -0.90921347509237360        1.7139045071067091E-003
 -0.37910354076955632      -0.17207952256568779      -0.90921347509237360        1.7139045071067091E-003
  0.37910354076955632       0.90921347509237360       0.17207952256568779        1.7139045071067091E-003
 -0.37910354076955632       0.90921347509237360       0.17207952256568779        1.7139045071067091E-003
  0.37910354076955632      -0.90921347509237360       0.17207952256568779        1.7139045071067091E-003
 -0.37910354076955632      -0.90921347509237360       0.17207952256568779        1.7139045071067091E-003
  0.37910354076955632       0.90921347509237360      -0.17207952256568779        1.7139045071067091E-003
 -0.37910354076955632       0.90921347509237360      -0.17207952256568779        1.7139045071067091E-003
  0.37910354076955632      -0.90921347509237360      -0.17207952256568779        1.7139045071067091E-003
 -0.37910354076955632      -0.90921347509237360      -0.17207952256568779        1.7139045071067091E-003
  0.17207952256568779       0.37910354076955632       0.90921347509237360        1.7139045071067091E-003
 -0.17207952256568779       0.37910354076955632       0.90921347509237360        1.7139045071067091E-003
  0.17207952256568779      -0.37910354076955632       0.90921347509237360        1.7139045071067091E-003
 -0.17207952256568779      -0.37910354076955632       0.90921347509237360        1.7139045071067091E-003
  0.17207952256568779       0.37910354076955632      -0.90921347509237360        1.7139045071067091E-003
 -0.17207952256568779       0.37910354076955632      -0.90921347509237360        1.7139045071067091E-003
  0.17207952256568779      -0.37910354076955632      -0.90921347509237360        1.7139045071067091E-003
 -0.17207952256568779      -0.37910354076955632      -0.90921347509237360        1.7139045071067091E-003
  0.17207952256568779       0.90921347509237360       0.37910354076955632        1.7139045071067091E-003
 -0.17207952256568779       0.90921347509237360       0.37910354076955632        1.7139045071067091E-003
  0.17207952256568779      -0.90921347509237360       0.37910354076955632        1.7139045071067091E-003
 -0.17207952256568779      -0.90921347509237360       0.37910354076955632        1.7139045071067091E-003
  0.17207952256568779       0.90921347509237360      -0.37910354076955632        1.7139045071067091E-003
 -0.17207952256568779       0.90921347509237360      -0.37910354076955632        1.7139045071067091E-003
  0.17207952256568779      -0.90921347509237360      -0.37910354076955632        1.7139045071067091E-003
 -0.17207952256568779      -0.90921347509237360      -0.37910354076955632        1.7139045071067091E-003
  0.90921347509237360       0.37910354076955632       0.17207952256568779        1.7139045071067091E-003
 -0.90921347509237360       0.37910354076955632       0.17207952256568779        1.7139045071067091E-003
  0.90921347509237360      -0.37910354076955632       0.17207952256568779        1.7139045071067091E-003
 -0.90921347509237360      -0.37910354076955632       0.17207952256568779        1.7139045071067091E-003
  0.90921347509237360       0.37910354076955632      -0.17207952256568779        1.7139045071067091E-003
 -0.90921347509237360       0.37910354076955632      -0.17207952256568779        1.7139045071067091E-003
  0.90921347509237360      -0.37910354076955632      -0.17207952256568779        1.7139045071067091E-003
 -0.90921347509237360      -0.37910354076955632      -0.17207952256568779        1.7139045071067091E-003
  0.90921347509237360       0.17207952256568779       0.37910354076955632        1.7139045071067091E-003
 -0.90921347509237360       0.17207952256568779       0.37910354076955632        1.7139045071067091E-003
  0.90921347509237360      -0.17207952256568779       0.37910354076955632        1.7139045071067091E-003
 -0.90921347509237360      -0.17207952256568779       0.37910354076955632        1.7139045071067091E-003
  0.90921347509237360       0.17207952256568779      -0.37910354076955632        1.7139045071067091E-003
 -0.90921347509237360       0.17207952256568779      -0.37910354076955632        1.7139045071067091E-003
  0.90921347509237360      -0.17207952256568779      -0.37910354076955632        1.7139045071067091E-003
 -0.90921347509237360      -0.17207952256568779      -0.37910354076955632        1.7139045071067091E-003
  0.27786731905862438        8.2130215819325114E-002  0.95710207431007255        1.5552136033968079E-003
 -0.27786731905862438        8.2130215819325114E-002  0.95710207431007255        1.5552136033968079E-003
  0.27786731905862438       -8.2130215819325114E-002  0.95710207431007255        1.5552136033968079E-003
 -0.27786731905862438       -8.2130215819325114E-002  0.95710207431007255        1.5552136033968079E-003
  0.27786731905862438        8.2130215819325114E-002 -0.95710207431007255        1.5552136033968079E-003
 -0.27786731905862438        8.2130215819325114E-002 -0.95710207431007255        1.5552136033968079E-003
  0.27786731905862438       -8.2130215819325114E-002 -0.95710207431007255        1.5552136033968079E-003
 -0.27786731905862438       -8.2130215819325114E-002 -0.95710207431007255        1.5552136033968079E-003
  0.27786731905862438       0.95710207431007255        8.2130215819325114E-002   1.5552136033968079E-003
 -0.27786731905862438       0.95710207431007255        8.2130215819325114E-002   1.5552136033968079E-003
  0.27786731905862438      -0.95710207431007255        8.2130215819325114E-002   1.5552136033968079E-003
 -0.27786731905862438      -0.95710207431007255        8.2130215819325114E-002   1.5552136033968079E-003
  0.27786731905862438       0.95710207431007255       -8.2130215819325114E-002   1.5552136033968079E-003
 -0.27786731905862438       0.95710207431007255       -8.2130215819325114E-002   1.5552136033968079E-003
  0.27786731905862438      -0.95710207431007255       -8.2130215819325114E-002   1.5552136033968079E-003
 -0.27786731905862438      -0.95710207431007255       -8.2130215819325114E-002   1.5552136033968079E-003
   8.2130215819325114E-002  0.27786731905862438       0.95710207431007255        1.5552136033968079E-003
  -8.2130215819325114E-002  0.27786731905862438       0.95710207431007255        1.5552136033968079E-003
   8.2130215819325114E-002 -0.27786731905862438       0.95710207431007255        1.5552136033968079E-003
  -8.2130215819325114E-002 -0.27786731905862438       0.95710207431007255        1.5552136033968079E-003
   8.2130215819325114E-002  0.27786731905862438      -0.95710207431007255        1.5552136033968079E-003
  -8.2130215819325114E-002  0.27786731905862438      -0.95710207431007255        1.5552136033968079E-003
   8.2130215819325114E-002 -0.27786731905862438      -0.95710207431007255        1.5552136033968079E-003
  -8.2130215819325114E-002 -0.27786731905862438      -0.95710207431007255        1.5552136033968079E-003
   8.2130215819325114E-002  0.95710207431007255       0.27786731905862438        1.5552136033968079E-003
  -8.2130215819325114E-002  0.95710207431007255       0.27786731905862438        1.5552136033968079E-003
   8.2130215819325114E-002 -0.95710207431007255       0.27786731905862438        1.5552136033968079E-003
  -8.2130215819325114E-002 -0.95710207431007255       0.27786731905862438        1.5552136033968079E-003
   8.2130215819325114E-002  0.95710207431007255      -0.27786731905862438        1.5552136033968079E-003
  -8.2130215819325114E-002  0.95710207431007255      -0.27786731905862438        1.5552136033968079E-003
   8.2130215819325114E-002 -0.95710207431007255      -0.27786731905862438        1.5552136033968079E-003
  -8.2130215819325114E-002 -0.95710207431007255      -0.27786731905862438        1.5552136033968079E-003
  0.95710207431007255       0.27786731905862438        8.2130215819325114E-002   1.5552136033968079E-003
 -0.95710207431007255       0.27786731905862438        8.2130215819325114E-002   1.5552136033968079E-003
  0.95710207431007255      -0.27786731905862438        8.2130215819325114E-002   1.5552136033968079E-003
 -0.95710207431007255      -0.27786731905862438        8.2130215819325114E-002   1.5552136033968079E-003
  0.95710207431007255       0.27786731905862438       -8.2130215819325114E-002   1.5552136033968079E-003
 -0.95710207431007255       0.27786731905862438       -8.2130215819325114E-002   1.5552136033968079E-003
  0.95710207431007255      -0.27786731905862438       -8.2130215819325114E-002   1.5552136033968079E-003
 -0.95710207431007255      -0.27786731905862438       -8.2130215819325114E-002   1.5552136033968079E-003
  0.95710207431007255        8.2130215819325114E-002  0.27786731905862438        1.5552136033968079E-003
 -0.95710207431007255        8.2130215819325114E-002  0.27786731905862438        1.5552136033968079E-003
  0.95710207431007255       -8.2130215819325114E-002  0.27786731905862438        1.5552136033968079E-003
 -0.95710207431007255       -8.2130215819325114E-002  0.27786731905862438        1.5552136033968079E-003
  0.95710207431007255        8.2130215819325114E-002 -0.27786731905862438        1.5552136033968079E-003
 -0.95710207431007255        8.2130215819325114E-002 -0.27786731905862438        1.5552136033968079E-003
  0.95710207431007255       -8.2130215819325114E-002 -0.27786731905862438        1.5552136033968079E-003
 -0.95710207431007255       -8.2130215819325114E-002 -0.27786731905862438        1.5552136033968079E-003
  0.50335642710751172        8.9992058420748755E-002  0.85937985589072119        1.8022391280085250E-003
 -0.50335642710751172        8.9992058420748755E-002  0.85937985589072119        1.8022391280085250E-003
  0.50335642710751172       -8.9992058420748755E-002  0.85937985589072119        1.8022391280085250E-003
 -0.50335642710751172       -8.9992058420748755E-002  0.85937985589072119        1.8022391280085250E-003
  0.50335642710751172        8.9992058420748755E-002 -0.85937985589072119        1.8022391280085250E-003
 -0.50335642710751172        8.9992058420748755E-002 -0.85937985589072119        1.8022391280085250E-003
  0.50335642710751172       -8.9992058420748755E-002 -0.85937985589072119        1.8022391280085250E-003
 -0.50335642710751172       -8.9992058420748755E-002 -0.85937985589072119        1.8022391280085250E-003
  0.50335642710751172       0.85937985589072119        8.9992058420748755E-002   1.8022391280085250E-003
 -0.50335642710751172       0.85937985589072119        8.9992058420748755E-002   1.8022391280085250E-003
  0.50335642710751172      -0.85937985589072119        8.9992058420748755E-002   1.8022391280085250E-003
 -0.50335642710751172      -0.85937985589072119        8.9992058420748755E-002   1.8022391280085250E-003
  0.50335642710751172       0.85937985589072119       -8.9992058420748755E-002   1.8022391280085250E-003
 -0.50335642710751172       0.85937985589072119       -8.9992058420748755E-002   1.8022391280085250E-003
  0.50335642710751172      -0.85937985589072119       -8.9992058420748755E-002   1.8022391280085250E-003
 -0.50335642710751172      -0.85937985589072119       -8.9992058420748755E-002   1.8022391280085250E-003
   8.9992058420748755E-002  0.50335642710751172       0.85937985589072119        1.8022391280085250E-003
  -8.9992058420748755E-002  0.50335642710751172       0.85937985589072119        1.8022391280085250E-003
   8.9992058420748755E-002 -0.50335642710751172       0.85937985589072119        1.8022391280085250E-003
  -8.9992058420748755E-002 -0.50335642710751172       0.85937985589072119        1.8022391280085250E-003
   8.9992058420748755E-002  0.50335642710751172      -0.85937985589072119        1.8022391280085250E-003
  -8.9992058420748755E-002  0.50335642710751172      -0.85937985589072119        1.8022391280085250E-003
   8.9992058420748755E-002 -0.50335642710751172      -0.85937985589072119        1.8022391280085250E-003
  -8.9992058420748755E-002 -0.50335642710751172      -0.85937985589072119        1.8022391280085250E-003
   8.9992058420748755E-002  0.85937985589072119       0.50335642710751172        1.8022391280085250E-003
  -8.9992058420748755E-002  0.85937985589072119       0.50335642710751172        1.8022391280085250E-003
   8.9992058420748755E-002 -0.85937985589072119       0.50335642710751172        1.8022391280085250E-003
  -8.9992058420748755E-002 -0.85937985589072119       0.50335642710751172        1.8022391280085250E-003
   8.9992058420748755E-002  0.85937985589072119      -0.50335642710751172        1.8022391280085250E-003
  -8.9992058420748755E-002  0.85937985589072119      -0.50335642710751172        1.8022391280085250E-003
   8.9992058420748755E-002 -0.85937985589072119      -0.50335642710751172        1.8022391280085250E-003
  -8.9992058420748755E-002 -0.85937985589072119      -0.50335642710751172        1.8022391280085250E-003
  0.85937985589072119       0.50335642710751172        8.9992058420748755E-002   1.8022391280085250E-003
 -0.85937985589072119       0.50335642710751172        8.9992058420748755E-002   1.8022391280085250E-003
  0.85937985589072119      -0.50335642710751172        8.9992058420748755E-002   1.8022391280085250E-003
 -0.85937985589072119      -0.50335642710751172        8.9992058420748755E-002   1.8022391280085250E-003
  0.85937985589072119       0.50335642710751172       -8.9992058420748755E-002   1.8022391280085250E-003
 -0.85937985589072119       0.50335642710751172       -8.9992058420748755E-002   1.8022391280085250E-003
  0.85937985589072119      -0.50335642710751172       -8.9992058420748755E-002   1.8022391280085250E-003
 -0.85937985589072119      -0.50335642710751172       -8.9992058420748755E-002   1.8022391280085250E-003
  0.85937985589072119        8.9992058420748755E-002  0.50335642710751172        1.8022391280085250E-003
 -0.85937985589072119        8.9992058420748755E-002  0.50335642710751172        1.8022391280085250E-003
  0.85937985589072119       -8.9992058420748755E-002  0.50335642710751172        1.8022391280085250E-003
 -0.85937985589072119       -8.9992058420748755E-002  0.50335642710751172        1.8022391280085250E-003
  0.85937985589072119        8.9992058420748755E-002 -0.50335642710751172        1.8022391280085250E-003
 -0.85937985589072119        8.9992058420748755E-002 -0.50335642710751172        1.8022391280085250E-003
  0.85937985589072119       -8.9992058420748755E-002 -0.50335642710751172        1.8022391280085250E-003
 -0.85937985589072119       -8.9992058420748755E-002 -0.50335642710751172        1.8022391280085250E-003
