   1.0000000000000000        0.0000000000000000        0.0000000000000000        1.1544011544011541E-002
  -1.0000000000000000        0.0000000000000000        0.0000000000000000        1.1544011544011541E-002
   0.0000000000000000        1.0000000000000000        0.0000000000000000        1.1544011544011541E-002
   0.0000000000000000       -1.0000000000000000        0.0000000000000000        1.1544011544011541E-002
   0.0000000000000000        0.0000000000000000        1.0000000000000000        1.1544011544011541E-002
   0.0000000000000000        0.0000000000000000       -1.0000000000000000        1.1544011544011541E-002
  0.57735026918962573       0.57735026918962573       0.57735026918962573        1.1943909085856280E-002
 -0.57735026918962573       0.57735026918962573       0.57735026918962573        1.1943909085856280E-002
  0.57735026918962573      -0.57735026918962573       0.57735026918962573        1.1943909085856280E-002
 -0.57735026918962573      -0.57735026918962573       0.57735026918962573        1.1943909085856280E-002
  0.57735026918962573       0.57735026918962573      -0.57735026918962573        1.1943909085856280E-002
 -0.57735026918962573       0.57735026918962573      -0.57735026918962573        1.1943909085856280E-002
  0.57735026918962573      -0.57735026918962573      -0.57735026918962573        1.1943909085856280E-002
 -0.57735026918962573      -0.57735026918962573      -0.57735026918962573        1.1943909085856280E-002
  0.36960284645415020       0.36960284645415020       0.85251831170126757        1.1110555710603400E-002
 -0.36960284645415020       0.36960284645415020       0.85251831170126757        1.1110555710603400E-002
  0.36960284645415020      -0.36960284645415020       0.85251831170126757        1.1110555710603400E-002
 -0.36960284645415020      -0.36960284645415020       0.85251831170126757        1.1110555710603400E-002
  0.36960284645415020       0.36960284645415020      -0.85251831170126757        1.1110555710603400E-002
 -0.36960284645415020       0.36960284645415020      -0.85251831170126757        1.1110555710603400E-002
  0.36960284645415020      -0.36960284645415020      -0.85251831170126757        1.1110555710603400E-002
 -0.36960284645415020      -0.36960284645415020      -0.85251831170126757        1.1110555710603400E-002
  0.36960284645415020       0.85251831170126757       0.36960284645415020        1.1110555710603400E-002
 -0.36960284645415020       0.85251831170126757       0.36960284645415020        1.1110555710603400E-002
  0.36960284645415020      -0.85251831170126757       0.36960284645415020        1.1110555710603400E-002
 -0.36960284645415020      -0.85251831170126757       0.36960284645415020        1.1110555710603400E-002
  0.36960284645415020       0.85251831170126757      -0.36960284645415020        1.1110555710603400E-002
 -0.36960284645415020       0.85251831170126757      -0.36960284645415020        1.1110555710603400E-002
  0.36960284645415020      -0.85251831170126757      -0.36960284645415020        1.1110555710603400E-002
 -0.36960284645415020      -0.85251831170126757      -0.36960284645415020        1.1110555710603400E-002
  0.85251831170126757       0.36960284645415020       0.36960284645415020        1.1110555710603400E-002
 -0.85251831170126757       0.36960284645415020       0.36960284645415020        1.1110555710603400E-002
  0.85251831170126757      -0.36960284645415020       0.36960284645415020        1.1110555710603400E-002
 -0.85251831170126757      -0.36960284645415020       0.36960284645415020        1.1110555710603400E-002
  0.85251831170126757       0.36960284645415020      -0.36960284645415020        1.1110555710603400E-002
 -0.85251831170126757       0.36960284645415020      -0.36960284645415020        1.1110555710603400E-002
  0.85251831170126757      -0.36960284645415020      -0.36960284645415020        1.1110555710603400E-002
 -0.85251831170126757      -0.36960284645415020      -0.36960284645415020        1.1110555710603400E-002
  0.69435400660266644       0.69435400660266644       0.18906355288539498        1.1876501294537141E-002
 -0.69435400660266644       0.69435400660266644       0.18906355288539498        1.1876501294537141E-002
  0.69435400660266644      -0.69435400660266644       0.18906355288539498        1.1876501294537141E-002
 -0.69435400660266644      -0.69435400660266644       0.18906355288539498        1.1876501294537141E-002
  0.69435400660266644       0.69435400660266644      -0.18906355288539498        1.1876501294537141E-002
 -0.69435400660266644       0.69435400660266644      -0.18906355288539498        1.1876501294537141E-002
  0.69435400660266644      -0.69435400660266644      -0.18906355288539498        1.1876501294537141E-002
 -0.69435400660266644      -0.69435400660266644      -0.18906355288539498        1.1876501294537141E-002
  0.69435400660266644       0.18906355288539498       0.69435400660266644        1.1876501294537141E-002
 -0.69435400660266644       0.18906355288539498       0.69435400660266644        1.1876501294537141E-002
  0.69435400660266644      -0.18906355288539498       0.69435400660266644        1.1876501294537141E-002
 -0.69435400660266644      -0.18906355288539498       0.69435400660266644        1.1876501294537141E-002
  0.69435400660266644       0.18906355288539498      -0.69435400660266644        1.1876501294537141E-002
 -0.69435400660266644       0.18906355288539498      -0.69435400660266644        1.1876501294537141E-002
  0.69435400660266644      -0.18906355288539498      -0.69435400660266644        1.1876501294537141E-002
 -0.69435400660266644      -0.18906355288539498      -0.69435400660266644        1.1876501294537141E-002
  0.18906355288539498       0.69435400660266644       0.69435400660266644        1.1876501294537141E-002
 -0.18906355288539498       0.69435400660266644       0.69435400660266644        1.1876501294537141E-002
  0.18906355288539498      -0.69435400660266644       0.69435400660266644        1.1876501294537141E-002
 -0.18906355288539498      -0.69435400660266644       0.69435400660266644        1.1876501294537141E-002
  0.18906355288539498       0.69435400660266644      -0.69435400660266644        1.1876501294537141E-002
 -0.18906355288539498       0.69435400660266644      -0.69435400660266644        1.1876501294537141E-002
  0.18906355288539498      -0.69435400660266644      -0.69435400660266644        1.1876501294537141E-002
 -0.18906355288539498      -0.69435400660266644      -0.69435400660266644        1.1876501294537141E-002
  0.37424303909034118       0.92733065715117247        0.0000000000000000        1.1812303746904481E-002
 -0.37424303909034118       0.92733065715117247        0.0000000000000000        1.1812303746904481E-002
  0.37424303909034118      -0.92733065715117247        0.0000000000000000        1.1812303746904481E-002
 -0.37424303909034118      -0.92733065715117247        0.0000000000000000        1.1812303746904481E-002
  0.92733065715117247       0.37424303909034118        0.0000000000000000        1.1812303746904481E-002
 -0.92733065715117247       0.37424303909034118        0.0000000000000000        1.1812303746904481E-002
  0.92733065715117247      -0.37424303909034118        0.0000000000000000        1.1812303746904481E-002
 -0.92733065715117247      -0.37424303909034118        0.0000000000000000        1.1812303746904481E-002
  0.37424303909034118        0.0000000000000000       0.92733065715117247        1.1812303746904481E-002
 -0.37424303909034118        0.0000000000000000       0.92733065715117247        1.1812303746904481E-002
  0.37424303909034118        0.0000000000000000      -0.92733065715117247        1.1812303746904481E-002
 -0.37424303909034118        0.0000000000000000      -0.92733065715117247        1.1812303746904481E-002
  0.92733065715117247        0.0000000000000000       0.37424303909034118        1.1812303746904481E-002
 -0.92733065715117247        0.0000000000000000       0.37424303909034118        1.1812303746904481E-002
  0.92733065715117247        0.0000000000000000      -0.37424303909034118        1.1812303746904481E-002
 -0.92733065715117247        0.0000000000000000      -0.37424303909034118        1.1812303746904481E-002
   0.0000000000000000       0.37424303909034118       0.92733065715117247        1.1812303746904481E-002
   0.0000000000000000      -0.37424303909034118       0.92733065715117247        1.1812303746904481E-002
   0.0000000000000000       0.37424303909034118      -0.92733065715117247        1.1812303746904481E-002
   0.0000000000000000      -0.37424303909034118      -0.92733065715117247        1.1812303746904481E-002
   0.0000000000000000       0.92733065715117247       0.37424303909034118        1.1812303746904481E-002
   0.0000000000000000      -0.92733065715117247       0.37424303909034118        1.1812303746904481E-002
   0.0000000000000000       0.92733065715117247      -0.37424303909034118        1.1812303746904481E-002
   0.0000000000000000      -0.92733065715117247      -0.37424303909034118        1.1812303746904481E-002
