   1.0000000000000000        0.0000000000000000        0.0000000000000000        4.7619047619047623E-002
  -1.0000000000000000        0.0000000000000000        0.0000000000000000        4.7619047619047623E-002
   0.0000000000000000        1.0000000000000000        0.0000000000000000        4.7619047619047623E-002
   0.0000000000000000       -1.0000000000000000        0.0000000000000000        4.7619047619047623E-002
   0.0000000000000000        0.0000000000000000        1.0000000000000000        4.7619047619047623E-002
   0.0000000000000000        0.0000000000000000       -1.0000000000000000        4.7619047619047623E-002
   0.0000000000000000       0.70710678118654757       0.70710678118654757        3.8095238095238099E-002
   0.0000000000000000      -0.70710678118654757       0.70710678118654757        3.8095238095238099E-002
   0.0000000000000000       0.70710678118654757      -0.70710678118654757        3.8095238095238099E-002
   0.0000000000000000      -0.70710678118654757      -0.70710678118654757        3.8095238095238099E-002
  0.70710678118654757        0.0000000000000000       0.70710678118654757        3.8095238095238099E-002
 -0.70710678118654757        0.0000000000000000       0.70710678118654757        3.8095238095238099E-002
  0.70710678118654757        0.0000000000000000      -0.70710678118654757        3.8095238095238099E-002
 -0.70710678118654757        0.0000000000000000      -0.70710678118654757        3.8095238095238099E-002
  0.70710678118654757       0.70710678118654757        0.0000000000000000        3.8095238095238099E-002
 -0.70710678118654757       0.70710678118654757        0.0000000000000000        3.8095238095238099E-002
  0.70710678118654757      -0.70710678118654757        0.0000000000000000        3.8095238095238099E-002
 -0.70710678118654757      -0.70710678118654757        0.0000000000000000        3.8095238095238099E-002
  0.57735026918962573       0.57735026918962573       0.57735026918962573        3.2142857142857140E-002
 -0.57735026918962573       0.57735026918962573       0.57735026918962573        3.2142857142857140E-002
  0.57735026918962573      -0.57735026918962573       0.57735026918962573        3.2142857142857140E-002
 -0.57735026918962573      -0.57735026918962573       0.57735026918962573        3.2142857142857140E-002
  0.57735026918962573       0.57735026918962573      -0.57735026918962573        3.2142857142857140E-002
 -0.57735026918962573       0.57735026918962573      -0.57735026918962573        3.2142857142857140E-002
  0.57735026918962573      -0.57735026918962573      -0.57735026918962573        3.2142857142857140E-002
 -0.57735026918962573      -0.57735026918962573      -0.57735026918962573        3.2142857142857140E-002
