   1.0000000000000000        0.0000000000000000        0.0000000000000000        3.0067967494539359E-003
  -1.0000000000000000        0.0000000000000000        0.0000000000000000        3.0067967494539359E-003
   0.0000000000000000        1.0000000000000000        0.0000000000000000        3.0067967494539359E-003
   0.0000000000000000       -1.0000000000000000        0.0000000000000000        3.0067967494539359E-003
   0.0000000000000000        0.0000000000000000        1.0000000000000000        3.0067967494539359E-003
   0.0000000000000000        0.0000000000000000       -1.0000000000000000        3.0067967494539359E-003
  0.57735026918962573       0.57735026918962573       0.57735026918962573        3.0506277456507709E-003
 -0.57735026918962573       0.57735026918962573       0.57735026918962573        3.0506277456507709E-003
  0.57735026918962573      -0.57735026918962573       0.57735026918962573        3.0506277456507709E-003
 -0.57735026918962573      -0.57735026918962573       0.57735026918962573        3.0506277456507709E-003
  0.57735026918962573       0.57735026918962573      -0.57735026918962573        3.0506277456507709E-003
 -0.57735026918962573       0.57735026918962573      -0.57735026918962573        3.0506277456507709E-003
  0.57735026918962573      -0.57735026918962573      -0.57735026918962573        3.0506277456507709E-003
 -0.57735026918962573      -0.57735026918962573      -0.57735026918962573        3.0506277456507709E-003
  0.70689654639123156       0.70689654639123156        2.4383301669355525E-002   1.6211046002889910E-003
 -0.70689654639123156       0.70689654639123156        2.4383301669355525E-002   1.6211046002889910E-003
  0.70689654639123156      -0.70689654639123156        2.4383301669355525E-002   1.6211046002889910E-003
 -0.70689654639123156      -0.70689654639123156        2.4383301669355525E-002   1.6211046002889910E-003
  0.70689654639123156       0.70689654639123156       -2.4383301669355525E-002   1.6211046002889910E-003
 -0.70689654639123156       0.70689654639123156       -2.4383301669355525E-002   1.6211046002889910E-003
  0.70689654639123156      -0.70689654639123156       -2.4383301669355525E-002   1.6211046002889910E-003
 -0.70689654639123156      -0.70689654639123156       -2.4383301669355525E-002   1.6211046002889910E-003
  0.70689654639123156        2.4383301669355525E-002  0.70689654639123156        1.6211046002889910E-003
 -0.70689654639123156        2.4383301669355525E-002  0.70689654639123156        1.6211046002889910E-003
  0.70689654639123156       -2.4383301669355525E-002  0.70689654639123156        1.6211046002889910E-003
 -0.70689654639123156       -2.4383301669355525E-002  0.70689654639123156        1.6211046002889910E-003
  0.70689654639123156        2.4383301669355525E-002 -0.70689654639123156        1.6211046002889910E-003
 -0.70689654639123156        2.4383301669355525E-002 -0.70689654639123156        1.6211046002889910E-003
  0.70689654639123156       -2.4383301669355525E-002 -0.70689654639123156        1.6211046002889910E-003
 -0.70689654639123156       -2.4383301669355525E-002 -0.70689654639123156        1.6211046002889910E-003
   2.4383301669355525E-002  0.70689654639123156       0.70689654639123156        1.6211046002889910E-003
  -2.4383301669355525E-002  0.70689654639123156       0.70689654639123156        1.6211046002889910E-003
   2.4383301669355525E-002 -0.70689654639123156       0.70689654639123156        1.6211046002889910E-003
  -2.4383301669355525E-002 -0.70689654639123156       0.70689654639123156        1.6211046002889910E-003
   2.4383301669355525E-002  0.70689654639123156      -0.70689654639123156        1.6211046002889910E-003
  -2.4383301669355525E-002  0.70689654639123156      -0.70689654639123156        1.6211046002889910E-003
   2.4383301669355525E-002 -0.70689654639123156      -0.70689654639123156        1.6211046002889910E-003
  -2.4383301669355525E-002 -0.70689654639123156      -0.70689654639123156        1.6211046002889910E-003
  0.47946826257120251       0.47946826257120251       0.73499685058774555        3.0057014849017519E-003
 -0.47946826257120251       0.47946826257120251       0.73499685058774555        3.0057014849017519E-003
  0.47946826257120251      -0.47946826257120251       0.73499685058774555        3.0057014849017519E-003
 -0.47946826257120251      -0.47946826257120251       0.73499685058774555        3.0057014849017519E-003
  0.47946826257120251       0.47946826257120251      -0.73499685058774555        3.0057014849017519E-003
 -0.47946826257120251       0.47946826257120251      -0.73499685058774555        3.0057014849017519E-003
  0.47946826257120251      -0.47946826257120251      -0.73499685058774555        3.0057014849017519E-003
 -0.47946826257120251      -0.47946826257120251      -0.73499685058774555        3.0057014849017519E-003
  0.47946826257120251       0.73499685058774555       0.47946826257120251        3.0057014849017519E-003
 -0.47946826257120251       0.73499685058774555       0.47946826257120251        3.0057014849017519E-003
  0.47946826257120251      -0.73499685058774555       0.47946826257120251        3.0057014849017519E-003
 -0.47946826257120251      -0.73499685058774555       0.47946826257120251        3.0057014849017519E-003
  0.47946826257120251       0.73499685058774555      -0.47946826257120251        3.0057014849017519E-003
 -0.47946826257120251       0.73499685058774555      -0.47946826257120251        3.0057014849017519E-003
  0.47946826257120251      -0.73499685058774555      -0.47946826257120251        3.0057014849017519E-003
 -0.47946826257120251      -0.73499685058774555      -0.47946826257120251        3.0057014849017519E-003
  0.73499685058774555       0.47946826257120251       0.47946826257120251        3.0057014849017519E-003
 -0.73499685058774555       0.47946826257120251       0.47946826257120251        3.0057014849017519E-003
  0.73499685058774555      -0.47946826257120251       0.47946826257120251        3.0057014849017519E-003
 -0.73499685058774555      -0.47946826257120251       0.47946826257120251        3.0057014849017519E-003
  0.73499685058774555       0.47946826257120251      -0.47946826257120251        3.0057014849017519E-003
 -0.73499685058774555       0.47946826257120251      -0.47946826257120251        3.0057014849017519E-003
  0.73499685058774555      -0.47946826257120251      -0.47946826257120251        3.0057014849017519E-003
 -0.73499685058774555      -0.47946826257120251      -0.47946826257120251        3.0057014849017519E-003
  0.19275331548780189       0.19275331548780189       0.96212905513601443        2.9909925296537740E-003
 -0.19275331548780189       0.19275331548780189       0.96212905513601443        2.9909925296537740E-003
  0.19275331548780189      -0.19275331548780189       0.96212905513601443        2.9909925296537740E-003
 -0.19275331548780189      -0.19275331548780189       0.96212905513601443        2.9909925296537740E-003
  0.19275331548780189       0.19275331548780189      -0.96212905513601443        2.9909925296537740E-003
 -0.19275331548780189       0.19275331548780189      -0.96212905513601443        2.9909925296537740E-003
  0.19275331548780189      -0.19275331548780189      -0.96212905513601443        2.9909925296537740E-003
 -0.19275331548780189      -0.19275331548780189      -0.96212905513601443        2.9909925296537740E-003
  0.19275331548780189       0.96212905513601443       0.19275331548780189        2.9909925296537740E-003
 -0.19275331548780189       0.96212905513601443       0.19275331548780189        2.9909925296537740E-003
  0.19275331548780189      -0.96212905513601443       0.19275331548780189        2.9909925296537740E-003
 -0.19275331548780189      -0.96212905513601443       0.19275331548780189        2.9909925296537740E-003
  0.19275331548780189       0.96212905513601443      -0.19275331548780189        2.9909925296537740E-003
 -0.19275331548780189       0.96212905513601443      -0.19275331548780189        2.9909925296537740E-003
  0.19275331548780189      -0.96212905513601443      -0.19275331548780189        2.9909925296537740E-003
 -0.19275331548780189      -0.96212905513601443      -0.19275331548780189        2.9909925296537740E-003
  0.96212905513601443       0.19275331548780189       0.19275331548780189        2.9909925296537740E-003
 -0.96212905513601443       0.19275331548780189       0.19275331548780189        2.9909925296537740E-003
  0.96212905513601443      -0.19275331548780189       0.19275331548780189        2.9909925296537740E-003
 -0.96212905513601443      -0.19275331548780189       0.19275331548780189        2.9909925296537740E-003
  0.96212905513601443       0.19275331548780189      -0.19275331548780189        2.9909925296537740E-003
 -0.96212905513601443       0.19275331548780189      -0.19275331548780189        2.9909925296537740E-003
  0.96212905513601443      -0.19275331548780189      -0.19275331548780189        2.9909925296537740E-003
 -0.96212905513601443      -0.19275331548780189      -0.19275331548780189        2.9909925296537740E-003
  0.69303579613271227       0.69303579613271227       0.19850131122336542        2.9821706441075951E-003
 -0.69303579613271227       0.69303579613271227       0.19850131122336542        2.9821706441075951E-003
  0.69303579613271227      -0.69303579613271227       0.19850131122336542        2.9821706441075951E-003
 -0.69303579613271227      -0.69303579613271227       0.19850131122336542        2.9821706441075951E-003
  0.69303579613271227       0.69303579613271227      -0.19850131122336542        2.9821706441075951E-003
 -0.69303579613271227       0.69303579613271227      -0.19850131122336542        2.9821706441075951E-003
  0.69303579613271227      -0.69303579613271227      -0.19850131122336542        2.9821706441075951E-003
 -0.69303579613271227      -0.69303579613271227      -0.19850131122336542        2.9821706441075951E-003
  0.69303579613271227       0.19850131122336542       0.69303579613271227        2.9821706441075951E-003
 -0.69303579613271227       0.19850131122336542       0.69303579613271227        2.9821706441075951E-003
  0.69303579613271227      -0.19850131122336542       0.69303579613271227        2.9821706441075951E-003
 -0.69303579613271227      -0.19850131122336542       0.69303579613271227        2.9821706441075951E-003
  0.69303579613271227       0.19850131122336542      -0.69303579613271227        2.9821706441075951E-003
 -0.69303579613271227       0.19850131122336542      -0.69303579613271227        2.9821706441075951E-003
  0.69303579613271227      -0.19850131122336542      -0.69303579613271227        2.9821706441075951E-003
 -0.69303579613271227      -0.19850131122336542      -0.69303579613271227        2.9821706441075951E-003
  0.19850131122336542       0.69303579613271227       0.69303579613271227        2.9821706441075951E-003
 -0.19850131122336542       0.69303579613271227       0.69303579613271227        2.9821706441075951E-003
  0.19850131122336542      -0.69303579613271227       0.69303579613271227        2.9821706441075951E-003
 -0.19850131122336542      -0.69303579613271227       0.69303579613271227        2.9821706441075951E-003
  0.19850131122336542       0.69303579613271227      -0.69303579613271227        2.9821706441075951E-003
 -0.19850131122336542       0.69303579613271227      -0.69303579613271227        2.9821706441075951E-003
  0.19850131122336542      -0.69303579613271227      -0.69303579613271227        2.9821706441075951E-003
 -0.19850131122336542      -0.69303579613271227      -0.69303579613271227        2.9821706441075951E-003
  0.36083021155200912       0.36083021155200912       0.86000181212754701        2.7215642373109921E-003
 -0.36083021155200912       0.36083021155200912       0.86000181212754701        2.7215642373109921E-003
  0.36083021155200912      -0.36083021155200912       0.86000181212754701        2.7215642373109921E-003
 -0.36083021155200912      -0.36083021155200912       0.86000181212754701        2.7215642373109921E-003
  0.36083021155200912       0.36083021155200912      -0.86000181212754701        2.7215642373109921E-003
 -0.36083021155200912       0.36083021155200912      -0.86000181212754701        2.7215642373109921E-003
  0.36083021155200912      -0.36083021155200912      -0.86000181212754701        2.7215642373109921E-003
 -0.36083021155200912      -0.36083021155200912      -0.86000181212754701        2.7215642373109921E-003
  0.36083021155200912       0.86000181212754701       0.36083021155200912        2.7215642373109921E-003
 -0.36083021155200912       0.86000181212754701       0.36083021155200912        2.7215642373109921E-003
  0.36083021155200912      -0.86000181212754701       0.36083021155200912        2.7215642373109921E-003
 -0.36083021155200912      -0.86000181212754701       0.36083021155200912        2.7215642373109921E-003
  0.36083021155200912       0.86000181212754701      -0.36083021155200912        2.7215642373109921E-003
 -0.36083021155200912       0.86000181212754701      -0.36083021155200912        2.7215642373109921E-003
  0.36083021155200912      -0.86000181212754701      -0.36083021155200912        2.7215642373109921E-003
 -0.36083021155200912      -0.86000181212754701      -0.36083021155200912        2.7215642373109921E-003
  0.86000181212754701       0.36083021155200912       0.36083021155200912        2.7215642373109921E-003
 -0.86000181212754701       0.36083021155200912       0.36083021155200912        2.7215642373109921E-003
  0.86000181212754701      -0.36083021155200912       0.36083021155200912        2.7215642373109921E-003
 -0.86000181212754701      -0.36083021155200912       0.36083021155200912        2.7215642373109921E-003
  0.86000181212754701       0.36083021155200912      -0.36083021155200912        2.7215642373109921E-003
 -0.86000181212754701       0.36083021155200912      -0.36083021155200912        2.7215642373109921E-003
  0.86000181212754701      -0.36083021155200912      -0.36083021155200912        2.7215642373109921E-003
 -0.86000181212754701      -0.36083021155200912      -0.36083021155200912        2.7215642373109921E-003
  0.64984861614961686       0.64984861614961686       0.39419988860583888        3.0335137958111412E-003
 -0.64984861614961686       0.64984861614961686       0.39419988860583888        3.0335137958111412E-003
  0.64984861614961686      -0.64984861614961686       0.39419988860583888        3.0335137958111412E-003
 -0.64984861614961686      -0.64984861614961686       0.39419988860583888        3.0335137958111412E-003
  0.64984861614961686       0.64984861614961686      -0.39419988860583888        3.0335137958111412E-003
 -0.64984861614961686       0.64984861614961686      -0.39419988860583888        3.0335137958111412E-003
  0.64984861614961686      -0.64984861614961686      -0.39419988860583888        3.0335137958111412E-003
 -0.64984861614961686      -0.64984861614961686      -0.39419988860583888        3.0335137958111412E-003
  0.64984861614961686       0.39419988860583888       0.64984861614961686        3.0335137958111412E-003
 -0.64984861614961686       0.39419988860583888       0.64984861614961686        3.0335137958111412E-003
  0.64984861614961686      -0.39419988860583888       0.64984861614961686        3.0335137958111412E-003
 -0.64984861614961686      -0.39419988860583888       0.64984861614961686        3.0335137958111412E-003
  0.64984861614961686       0.39419988860583888      -0.64984861614961686        3.0335137958111412E-003
 -0.64984861614961686       0.39419988860583888      -0.64984861614961686        3.0335137958111412E-003
  0.64984861614961686      -0.39419988860583888      -0.64984861614961686        3.0335137958111412E-003
 -0.64984861614961686      -0.39419988860583888      -0.64984861614961686        3.0335137958111412E-003
  0.39419988860583888       0.64984861614961686       0.64984861614961686        3.0335137958111412E-003
 -0.39419988860583888       0.64984861614961686       0.64984861614961686        3.0335137958111412E-003
  0.39419988860583888      -0.64984861614961686       0.64984861614961686        3.0335137958111412E-003
 -0.39419988860583888      -0.64984861614961686       0.64984861614961686        3.0335137958111412E-003
  0.39419988860583888       0.64984861614961686      -0.64984861614961686        3.0335137958111412E-003
 -0.39419988860583888       0.64984861614961686      -0.64984861614961686        3.0335137958111412E-003
  0.39419988860583888      -0.64984861614961686      -0.64984861614961686        3.0335137958111412E-003
 -0.39419988860583888      -0.64984861614961686      -0.64984861614961686        3.0335137958111412E-003
  0.19329450132303391       0.98114078284325723        0.0000000000000000        3.0079495552185328E-003
 -0.19329450132303391       0.98114078284325723        0.0000000000000000        3.0079495552185328E-003
  0.19329450132303391      -0.98114078284325723        0.0000000000000000        3.0079495552185328E-003
 -0.19329450132303391      -0.98114078284325723        0.0000000000000000        3.0079495552185328E-003
  0.98114078284325723       0.19329450132303391        0.0000000000000000        3.0079495552185328E-003
 -0.98114078284325723       0.19329450132303391        0.0000000000000000        3.0079495552185328E-003
  0.98114078284325723      -0.19329450132303391        0.0000000000000000        3.0079495552185328E-003
 -0.98114078284325723      -0.19329450132303391        0.0000000000000000        3.0079495552185328E-003
  0.19329450132303391        0.0000000000000000       0.98114078284325723        3.0079495552185328E-003
 -0.19329450132303391        0.0000000000000000       0.98114078284325723        3.0079495552185328E-003
  0.19329450132303391        0.0000000000000000      -0.98114078284325723        3.0079495552185328E-003
 -0.19329450132303391        0.0000000000000000      -0.98114078284325723        3.0079495552185328E-003
  0.98114078284325723        0.0000000000000000       0.19329450132303391        3.0079495552185328E-003
 -0.98114078284325723        0.0000000000000000       0.19329450132303391        3.0079495552185328E-003
  0.98114078284325723        0.0000000000000000      -0.19329450132303391        3.0079495552185328E-003
 -0.98114078284325723        0.0000000000000000      -0.19329450132303391        3.0079495552185328E-003
   0.0000000000000000       0.19329450132303391       0.98114078284325723        3.0079495552185328E-003
   0.0000000000000000      -0.19329450132303391       0.98114078284325723        3.0079495552185328E-003
   0.0000000000000000       0.19329450132303391      -0.98114078284325723        3.0079495552185328E-003
   0.0000000000000000      -0.19329450132303391      -0.98114078284325723        3.0079495552185328E-003
   0.0000000000000000       0.98114078284325723       0.19329450132303391        3.0079495552185328E-003
   0.0000000000000000      -0.98114078284325723       0.19329450132303391        3.0079495552185328E-003
   0.0000000000000000       0.98114078284325723      -0.19329450132303391        3.0079495552185328E-003
   0.0000000000000000      -0.98114078284325723      -0.19329450132303391        3.0079495552185328E-003
  0.38004949198993032       0.92496615269867899        0.0000000000000000        2.8819646030553070E-003
 -0.38004949198993032       0.92496615269867899        0.0000000000000000        2.8819646030553070E-003
  0.38004949198993032      -0.92496615269867899        0.0000000000000000        2.8819646030553070E-003
 -0.38004949198993032      -0.92496615269867899        0.0000000000000000        2.8819646030553070E-003
  0.92496615269867899       0.38004949198993032        0.0000000000000000        2.8819646030553070E-003
 -0.92496615269867899       0.38004949198993032        0.0000000000000000        2.8819646030553070E-003
  0.92496615269867899      -0.38004949198993032        0.0000000000000000        2.8819646030553070E-003
 -0.92496615269867899      -0.38004949198993032        0.0000000000000000        2.8819646030553070E-003
  0.38004949198993032        0.0000000000000000       0.92496615269867899        2.8819646030553070E-003
 -0.38004949198993032        0.0000000000000000       0.92496615269867899        2.8819646030553070E-003
  0.38004949198993032        0.0000000000000000      -0.92496615269867899        2.8819646030553070E-003
 -0.38004949198993032        0.0000000000000000      -0.92496615269867899        2.8819646030553070E-003
  0.92496615269867899        0.0000000000000000       0.38004949198993032        2.8819646030553070E-003
 -0.92496615269867899        0.0000000000000000       0.38004949198993032        2.8819646030553070E-003
  0.92496615269867899        0.0000000000000000      -0.38004949198993032        2.8819646030553070E-003
 -0.92496615269867899        0.0000000000000000      -0.38004949198993032        2.8819646030553070E-003
   0.0000000000000000       0.38004949198993032       0.92496615269867899        2.8819646030553070E-003
   0.0000000000000000      -0.38004949198993032       0.92496615269867899        2.8819646030553070E-003
   0.0000000000000000       0.38004949198993032      -0.92496615269867899        2.8819646030553070E-003
   0.0000000000000000      -0.38004949198993032      -0.92496615269867899        2.8819646030553070E-003
   0.0000000000000000       0.92496615269867899       0.38004949198993032        2.8819646030553070E-003
   0.0000000000000000      -0.92496615269867899       0.38004949198993032        2.8819646030553070E-003
   0.0000000000000000       0.92496615269867899      -0.38004949198993032        2.8819646030553070E-003
   0.0000000000000000      -0.92496615269867899      -0.38004949198993032        2.8819646030553070E-003
  0.28995588254995741       0.79345378565823155       0.53512304771827623        2.9583576265356962E-003
 -0.28995588254995741       0.79345378565823155       0.53512304771827623        2.9583576265356962E-003
  0.28995588254995741      -0.79345378565823155       0.53512304771827623        2.9583576265356962E-003
 -0.28995588254995741      -0.79345378565823155       0.53512304771827623        2.9583576265356962E-003
  0.28995588254995741       0.79345378565823155      -0.53512304771827623        2.9583576265356962E-003
 -0.28995588254995741       0.79345378565823155      -0.53512304771827623        2.9583576265356962E-003
  0.28995588254995741      -0.79345378565823155      -0.53512304771827623        2.9583576265356962E-003
 -0.28995588254995741      -0.79345378565823155      -0.53512304771827623        2.9583576265356962E-003
  0.28995588254995741       0.53512304771827623       0.79345378565823155        2.9583576265356962E-003
 -0.28995588254995741       0.53512304771827623       0.79345378565823155        2.9583576265356962E-003
  0.28995588254995741      -0.53512304771827623       0.79345378565823155        2.9583576265356962E-003
 -0.28995588254995741      -0.53512304771827623       0.79345378565823155        2.9583576265356962E-003
  0.28995588254995741       0.53512304771827623      -0.79345378565823155        2.9583576265356962E-003
 -0.28995588254995741       0.53512304771827623      -0.79345378565823155        2.9583576265356962E-003
  0.28995588254995741      -0.53512304771827623      -0.79345378565823155        2.9583576265356962E-003
 -0.28995588254995741      -0.53512304771827623      -0.79345378565823155        2.9583576265356962E-003
  0.79345378565823155       0.28995588254995741       0.53512304771827623        2.9583576265356962E-003
 -0.79345378565823155       0.28995588254995741       0.53512304771827623        2.9583576265356962E-003
  0.79345378565823155      -0.28995588254995741       0.53512304771827623        2.9583576265356962E-003
 -0.79345378565823155      -0.28995588254995741       0.53512304771827623        2.9583576265356962E-003
  0.79345378565823155       0.28995588254995741      -0.53512304771827623        2.9583576265356962E-003
 -0.79345378565823155       0.28995588254995741      -0.53512304771827623        2.9583576265356962E-003
  0.79345378565823155      -0.28995588254995741      -0.53512304771827623        2.9583576265356962E-003
 -0.79345378565823155      -0.28995588254995741      -0.53512304771827623        2.9583576265356962E-003
  0.79345378565823155       0.53512304771827623       0.28995588254995741        2.9583576265356962E-003
 -0.79345378565823155       0.53512304771827623       0.28995588254995741        2.9583576265356962E-003
  0.79345378565823155      -0.53512304771827623       0.28995588254995741        2.9583576265356962E-003
 -0.79345378565823155      -0.53512304771827623       0.28995588254995741        2.9583576265356962E-003
  0.79345378565823155       0.53512304771827623      -0.28995588254995741        2.9583576265356962E-003
 -0.79345378565823155       0.53512304771827623      -0.28995588254995741        2.9583576265356962E-003
  0.79345378565823155      -0.53512304771827623      -0.28995588254995741        2.9583576265356962E-003
 -0.79345378565823155      -0.53512304771827623      -0.28995588254995741        2.9583576265356962E-003
  0.53512304771827623       0.28995588254995741       0.79345378565823155        2.9583576265356962E-003
 -0.53512304771827623       0.28995588254995741       0.79345378565823155        2.9583576265356962E-003
  0.53512304771827623      -0.28995588254995741       0.79345378565823155        2.9583576265356962E-003
 -0.53512304771827623      -0.28995588254995741       0.79345378565823155        2.9583576265356962E-003
  0.53512304771827623       0.28995588254995741      -0.79345378565823155        2.9583576265356962E-003
 -0.53512304771827623       0.28995588254995741      -0.79345378565823155        2.9583576265356962E-003
  0.53512304771827623      -0.28995588254995741      -0.79345378565823155        2.9583576265356962E-003
 -0.53512304771827623      -0.28995588254995741      -0.79345378565823155        2.9583576265356962E-003
  0.53512304771827623       0.79345378565823155       0.28995588254995741        2.9583576265356962E-003
 -0.53512304771827623       0.79345378565823155       0.28995588254995741        2.9583576265356962E-003
  0.53512304771827623      -0.79345378565823155       0.28995588254995741        2.9583576265356962E-003
 -0.53512304771827623      -0.79345378565823155       0.28995588254995741        2.9583576265356962E-003
  0.53512304771827623       0.79345378565823155      -0.28995588254995741        2.9583576265356962E-003
 -0.53512304771827623       0.79345378565823155      -0.28995588254995741        2.9583576265356962E-003
  0.53512304771827623      -0.79345378565823155      -0.28995588254995741        2.9583576265356962E-003
 -0.53512304771827623      -0.79345378565823155      -0.28995588254995741        2.9583576265356962E-003
   9.6841214551039570E-002  0.82808015066868623       0.55218207434939925        3.0360200264070878E-003
  -9.6841214551039570E-002  0.82808015066868623       0.55218207434939925        3.0360200264070878E-003
   9.6841214551039570E-002 -0.82808015066868623       0.55218207434939925        3.0360200264070878E-003
  -9.6841214551039570E-002 -0.82808015066868623       0.55218207434939925        3.0360200264070878E-003
   9.6841214551039570E-002  0.82808015066868623      -0.55218207434939925        3.0360200264070878E-003
  -9.6841214551039570E-002  0.82808015066868623      -0.55218207434939925        3.0360200264070878E-003
   9.6841214551039570E-002 -0.82808015066868623      -0.55218207434939925        3.0360200264070878E-003
  -9.6841214551039570E-002 -0.82808015066868623      -0.55218207434939925        3.0360200264070878E-003
   9.6841214551039570E-002  0.55218207434939925       0.82808015066868623        3.0360200264070878E-003
  -9.6841214551039570E-002  0.55218207434939925       0.82808015066868623        3.0360200264070878E-003
   9.6841214551039570E-002 -0.55218207434939925       0.82808015066868623        3.0360200264070878E-003
  -9.6841214551039570E-002 -0.55218207434939925       0.82808015066868623        3.0360200264070878E-003
   9.6841214551039570E-002  0.55218207434939925      -0.82808015066868623        3.0360200264070878E-003
  -9.6841214551039570E-002  0.55218207434939925      -0.82808015066868623        3.0360200264070878E-003
   9.6841214551039570E-002 -0.55218207434939925      -0.82808015066868623        3.0360200264070878E-003
  -9.6841214551039570E-002 -0.55218207434939925      -0.82808015066868623        3.0360200264070878E-003
  0.82808015066868623        9.6841214551039570E-002  0.55218207434939925        3.0360200264070878E-003
 -0.82808015066868623        9.6841214551039570E-002  0.55218207434939925        3.0360200264070878E-003
  0.82808015066868623       -9.6841214551039570E-002  0.55218207434939925        3.0360200264070878E-003
 -0.82808015066868623       -9.6841214551039570E-002  0.55218207434939925        3.0360200264070878E-003
  0.82808015066868623        9.6841214551039570E-002 -0.55218207434939925        3.0360200264070878E-003
 -0.82808015066868623        9.6841214551039570E-002 -0.55218207434939925        3.0360200264070878E-003
  0.82808015066868623       -9.6841214551039570E-002 -0.55218207434939925        3.0360200264070878E-003
 -0.82808015066868623       -9.6841214551039570E-002 -0.55218207434939925        3.0360200264070878E-003
  0.82808015066868623       0.55218207434939925        9.6841214551039570E-002   3.0360200264070878E-003
 -0.82808015066868623       0.55218207434939925        9.6841214551039570E-002   3.0360200264070878E-003
  0.82808015066868623      -0.55218207434939925        9.6841214551039570E-002   3.0360200264070878E-003
 -0.82808015066868623      -0.55218207434939925        9.6841214551039570E-002   3.0360200264070878E-003
  0.82808015066868623       0.55218207434939925       -9.6841214551039570E-002   3.0360200264070878E-003
 -0.82808015066868623       0.55218207434939925       -9.6841214551039570E-002   3.0360200264070878E-003
  0.82808015066868623      -0.55218207434939925       -9.6841214551039570E-002   3.0360200264070878E-003
 -0.82808015066868623      -0.55218207434939925       -9.6841214551039570E-002   3.0360200264070878E-003
  0.55218207434939925        9.6841214551039570E-002  0.82808015066868623        3.0360200264070878E-003
 -0.55218207434939925        9.6841214551039570E-002  0.82808015066868623        3.0360200264070878E-003
  0.55218207434939925       -9.6841214551039570E-002  0.82808015066868623        3.0360200264070878E-003
 -0.55218207434939925       -9.6841214551039570E-002  0.82808015066868623        3.0360200264070878E-003
  0.55218207434939925        9.6841214551039570E-002 -0.82808015066868623        3.0360200264070878E-003
 -0.55218207434939925        9.6841214551039570E-002 -0.82808015066868623        3.0360200264070878E-003
  0.55218207434939925       -9.6841214551039570E-002 -0.82808015066868623        3.0360200264070878E-003
 -0.55218207434939925       -9.6841214551039570E-002 -0.82808015066868623        3.0360200264070878E-003
  0.55218207434939925       0.82808015066868623        9.6841214551039570E-002   3.0360200264070878E-003
 -0.55218207434939925       0.82808015066868623        9.6841214551039570E-002   3.0360200264070878E-003
  0.55218207434939925      -0.82808015066868623        9.6841214551039570E-002   3.0360200264070878E-003
 -0.55218207434939925      -0.82808015066868623        9.6841214551039570E-002   3.0360200264070878E-003
  0.55218207434939925       0.82808015066868623       -9.6841214551039570E-002   3.0360200264070878E-003
 -0.55218207434939925       0.82808015066868623       -9.6841214551039570E-002   3.0360200264070878E-003
  0.55218207434939925      -0.82808015066868623       -9.6841214551039570E-002   3.0360200264070878E-003
 -0.55218207434939925      -0.82808015066868623       -9.6841214551039570E-002   3.0360200264070878E-003
  0.18334346470416590       0.90746582653051266       0.37800918987448673        2.8321874039263029E-003
 -0.18334346470416590       0.90746582653051266       0.37800918987448673        2.8321874039263029E-003
  0.18334346470416590      -0.90746582653051266       0.37800918987448673        2.8321874039263029E-003
 -0.18334346470416590      -0.90746582653051266       0.37800918987448673        2.8321874039263029E-003
  0.18334346470416590       0.90746582653051266      -0.37800918987448673        2.8321874039263029E-003
 -0.18334346470416590       0.90746582653051266      -0.37800918987448673        2.8321874039263029E-003
  0.18334346470416590      -0.90746582653051266      -0.37800918987448673        2.8321874039263029E-003
 -0.18334346470416590      -0.90746582653051266      -0.37800918987448673        2.8321874039263029E-003
  0.18334346470416590       0.37800918987448673       0.90746582653051266        2.8321874039263029E-003
 -0.18334346470416590       0.37800918987448673       0.90746582653051266        2.8321874039263029E-003
  0.18334346470416590      -0.37800918987448673       0.90746582653051266        2.8321874039263029E-003
 -0.18334346470416590      -0.37800918987448673       0.90746582653051266        2.8321874039263029E-003
  0.18334346470416590       0.37800918987448673      -0.90746582653051266        2.8321874039263029E-003
 -0.18334346470416590       0.37800918987448673      -0.90746582653051266        2.8321874039263029E-003
  0.18334346470416590      -0.37800918987448673      -0.90746582653051266        2.8321874039263029E-003
 -0.18334346470416590      -0.37800918987448673      -0.90746582653051266        2.8321874039263029E-003
  0.90746582653051266       0.18334346470416590       0.37800918987448673        2.8321874039263029E-003
 -0.90746582653051266       0.18334346470416590       0.37800918987448673        2.8321874039263029E-003
  0.90746582653051266      -0.18334346470416590       0.37800918987448673        2.8321874039263029E-003
 -0.90746582653051266      -0.18334346470416590       0.37800918987448673        2.8321874039263029E-003
  0.90746582653051266       0.18334346470416590      -0.37800918987448673        2.8321874039263029E-003
 -0.90746582653051266       0.18334346470416590      -0.37800918987448673        2.8321874039263029E-003
  0.90746582653051266      -0.18334346470416590      -0.37800918987448673        2.8321874039263029E-003
 -0.90746582653051266      -0.18334346470416590      -0.37800918987448673        2.8321874039263029E-003
  0.90746582653051266       0.37800918987448673       0.18334346470416590        2.8321874039263029E-003
 -0.90746582653051266       0.37800918987448673       0.18334346470416590        2.8321874039263029E-003
  0.90746582653051266      -0.37800918987448673       0.18334346470416590        2.8321874039263029E-003
 -0.90746582653051266      -0.37800918987448673       0.18334346470416590        2.8321874039263029E-003
  0.90746582653051266       0.37800918987448673      -0.18334346470416590        2.8321874039263029E-003
 -0.90746582653051266       0.37800918987448673      -0.18334346470416590        2.8321874039263029E-003
  0.90746582653051266      -0.37800918987448673      -0.18334346470416590        2.8321874039263029E-003
 -0.90746582653051266      -0.37800918987448673      -0.18334346470416590        2.8321874039263029E-003
  0.37800918987448673       0.18334346470416590       0.90746582653051266        2.8321874039263029E-003
 -0.37800918987448673       0.18334346470416590       0.90746582653051266        2.8321874039263029E-003
  0.37800918987448673      -0.18334346470416590       0.90746582653051266        2.8321874039263029E-003
 -0.37800918987448673      -0.18334346470416590       0.90746582653051266        2.8321874039263029E-003
  0.37800918987448673       0.18334346470416590      -0.90746582653051266        2.8321874039263029E-003
 -0.37800918987448673       0.18334346470416590      -0.90746582653051266        2.8321874039263029E-003
  0.37800918987448673      -0.18334346470416590      -0.90746582653051266        2.8321874039263029E-003
 -0.37800918987448673      -0.18334346470416590      -0.90746582653051266        2.8321874039263029E-003
  0.37800918987448673       0.90746582653051266       0.18334346470416590        2.8321874039263029E-003
 -0.37800918987448673       0.90746582653051266       0.18334346470416590        2.8321874039263029E-003
  0.37800918987448673      -0.90746582653051266       0.18334346470416590        2.8321874039263029E-003
 -0.37800918987448673      -0.90746582653051266       0.18334346470416590        2.8321874039263029E-003
  0.37800918987448673       0.90746582653051266      -0.18334346470416590        2.8321874039263029E-003
 -0.37800918987448673       0.90746582653051266      -0.18334346470416590        2.8321874039263029E-003
  0.37800918987448673      -0.90746582653051266      -0.18334346470416590        2.8321874039263029E-003
 -0.37800918987448673      -0.90746582653051266      -0.18334346470416590        2.8321874039263029E-003
