   1.0000000000000000        0.0000000000000000        0.0000000000000000        6.6666666666666666E-002
  -1.0000000000000000        0.0000000000000000        0.0000000000000000        6.6666666666666666E-002
   0.0000000000000000        1.0000000000000000        0.0000000000000000        6.6666666666666666E-002
   0.0000000000000000       -1.0000000000000000        0.0000000000000000        6.6666666666666666E-002
   0.0000000000000000        0.0000000000000000        1.0000000000000000        6.6666666666666666E-002
   0.0000000000000000        0.0000000000000000       -1.0000000000000000        6.6666666666666666E-002
  0.57735026918962573       0.57735026918962573       0.57735026918962573        7.4999999999999997E-002
 -0.57735026918962573       0.57735026918962573       0.57735026918962573        7.4999999999999997E-002
  0.57735026918962573      -0.57735026918962573       0.57735026918962573        7.4999999999999997E-002
 -0.57735026918962573      -0.57735026918962573       0.57735026918962573        7.4999999999999997E-002
  0.57735026918962573       0.57735026918962573      -0.57735026918962573        7.4999999999999997E-002
 -0.57735026918962573       0.57735026918962573      -0.57735026918962573        7.4999999999999997E-002
  0.57735026918962573      -0.57735026918962573      -0.57735026918962573        7.4999999999999997E-002
 -0.57735026918962573      -0.57735026918962573      -0.57735026918962573        7.4999999999999997E-002
