   1.0000000000000000        0.0000000000000000        0.0000000000000000        5.5448429020373653E-003
  -1.0000000000000000        0.0000000000000000        0.0000000000000000        5.5448429020373653E-003
   0.0000000000000000        1.0000000000000000        0.0000000000000000        5.5448429020373653E-003
   0.0000000000000000       -1.0000000000000000        0.0000000000000000        5.5448429020373653E-003
   0.0000000000000000        0.0000000000000000        1.0000000000000000        5.5448429020373653E-003
   0.0000000000000000        0.0000000000000000       -1.0000000000000000        5.5448429020373653E-003
   0.0000000000000000       0.70710678118654757       0.70710678118654757        6.0713327706707516E-003
   0.0000000000000000      -0.70710678118654757       0.70710678118654757        6.0713327706707516E-003
   0.0000000000000000       0.70710678118654757      -0.70710678118654757        6.0713327706707516E-003
   0.0000000000000000      -0.70710678118654757      -0.70710678118654757        6.0713327706707516E-003
  0.70710678118654757        0.0000000000000000       0.70710678118654757        6.0713327706707516E-003
 -0.70710678118654757        0.0000000000000000       0.70710678118654757        6.0713327706707516E-003
  0.70710678118654757        0.0000000000000000      -0.70710678118654757        6.0713327706707516E-003
 -0.70710678118654757        0.0000000000000000      -0.70710678118654757        6.0713327706707516E-003
  0.70710678118654757       0.70710678118654757        0.0000000000000000        6.0713327706707516E-003
 -0.70710678118654757       0.70710678118654757        0.0000000000000000        6.0713327706707516E-003
  0.70710678118654757      -0.70710678118654757        0.0000000000000000        6.0713327706707516E-003
 -0.70710678118654757      -0.70710678118654757        0.0000000000000000        6.0713327706707516E-003
  0.57735026918962573       0.57735026918962573       0.57735026918962573        6.3836747735150929E-003
 -0.57735026918962573       0.57735026918962573       0.57735026918962573        6.3836747735150929E-003
  0.57735026918962573      -0.57735026918962573       0.57735026918962573        6.3836747735150929E-003
 -0.57735026918962573      -0.57735026918962573       0.57735026918962573        6.3836747735150929E-003
  0.57735026918962573       0.57735026918962573      -0.57735026918962573        6.3836747735150929E-003
 -0.57735026918962573       0.57735026918962573      -0.57735026918962573        6.3836747735150929E-003
  0.57735026918962573      -0.57735026918962573      -0.57735026918962573        6.3836747735150929E-003
 -0.57735026918962573      -0.57735026918962573      -0.57735026918962573        6.3836747735150929E-003
  0.25512526211141340       0.25512526211141340       0.93264259031269059        5.1833875877477899E-003
 -0.25512526211141340       0.25512526211141340       0.93264259031269059        5.1833875877477899E-003
  0.25512526211141340      -0.25512526211141340       0.93264259031269059        5.1833875877477899E-003
 -0.25512526211141340      -0.25512526211141340       0.93264259031269059        5.1833875877477899E-003
  0.25512526211141340       0.25512526211141340      -0.93264259031269059        5.1833875877477899E-003
 -0.25512526211141340       0.25512526211141340      -0.93264259031269059        5.1833875877477899E-003
  0.25512526211141340      -0.25512526211141340      -0.93264259031269059        5.1833875877477899E-003
 -0.25512526211141340      -0.25512526211141340      -0.93264259031269059        5.1833875877477899E-003
  0.25512526211141340       0.93264259031269059       0.25512526211141340        5.1833875877477899E-003
 -0.25512526211141340       0.93264259031269059       0.25512526211141340        5.1833875877477899E-003
  0.25512526211141340      -0.93264259031269059       0.25512526211141340        5.1833875877477899E-003
 -0.25512526211141340      -0.93264259031269059       0.25512526211141340        5.1833875877477899E-003
  0.25512526211141340       0.93264259031269059      -0.25512526211141340        5.1833875877477899E-003
 -0.25512526211141340       0.93264259031269059      -0.25512526211141340        5.1833875877477899E-003
  0.25512526211141340      -0.93264259031269059      -0.25512526211141340        5.1833875877477899E-003
 -0.25512526211141340      -0.93264259031269059      -0.25512526211141340        5.1833875877477899E-003
  0.93264259031269059       0.25512526211141340       0.25512526211141340        5.1833875877477899E-003
 -0.93264259031269059       0.25512526211141340       0.25512526211141340        5.1833875877477899E-003
  0.93264259031269059      -0.25512526211141340       0.25512526211141340        5.1833875877477899E-003
 -0.93264259031269059      -0.25512526211141340       0.25512526211141340        5.1833875877477899E-003
  0.93264259031269059       0.25512526211141340      -0.25512526211141340        5.1833875877477899E-003
 -0.93264259031269059       0.25512526211141340      -0.25512526211141340        5.1833875877477899E-003
  0.93264259031269059      -0.25512526211141340      -0.25512526211141340        5.1833875877477899E-003
 -0.93264259031269059      -0.25512526211141340      -0.25512526211141340        5.1833875877477899E-003
  0.67436014603627659       0.67436014603627659       0.30079359513770149        6.3179290098137253E-003
 -0.67436014603627659       0.67436014603627659       0.30079359513770149        6.3179290098137253E-003
  0.67436014603627659      -0.67436014603627659       0.30079359513770149        6.3179290098137253E-003
 -0.67436014603627659      -0.67436014603627659       0.30079359513770149        6.3179290098137253E-003
  0.67436014603627659       0.67436014603627659      -0.30079359513770149        6.3179290098137253E-003
 -0.67436014603627659       0.67436014603627659      -0.30079359513770149        6.3179290098137253E-003
  0.67436014603627659      -0.67436014603627659      -0.30079359513770149        6.3179290098137253E-003
 -0.67436014603627659      -0.67436014603627659      -0.30079359513770149        6.3179290098137253E-003
  0.67436014603627659       0.30079359513770149       0.67436014603627659        6.3179290098137253E-003
 -0.67436014603627659       0.30079359513770149       0.67436014603627659        6.3179290098137253E-003
  0.67436014603627659      -0.30079359513770149       0.67436014603627659        6.3179290098137253E-003
 -0.67436014603627659      -0.30079359513770149       0.67436014603627659        6.3179290098137253E-003
  0.67436014603627659       0.30079359513770149      -0.67436014603627659        6.3179290098137253E-003
 -0.67436014603627659       0.30079359513770149      -0.67436014603627659        6.3179290098137253E-003
  0.67436014603627659      -0.30079359513770149      -0.67436014603627659        6.3179290098137253E-003
 -0.67436014603627659      -0.30079359513770149      -0.67436014603627659        6.3179290098137253E-003
  0.30079359513770149       0.67436014603627659       0.67436014603627659        6.3179290098137253E-003
 -0.30079359513770149       0.67436014603627659       0.67436014603627659        6.3179290098137253E-003
  0.30079359513770149      -0.67436014603627659       0.67436014603627659        6.3179290098137253E-003
 -0.30079359513770149      -0.67436014603627659       0.67436014603627659        6.3179290098137253E-003
  0.30079359513770149       0.67436014603627659      -0.67436014603627659        6.3179290098137253E-003
 -0.30079359513770149       0.67436014603627659      -0.67436014603627659        6.3179290098137253E-003
  0.30079359513770149      -0.67436014603627659      -0.67436014603627659        6.3179290098137253E-003
 -0.30079359513770149      -0.67436014603627659      -0.67436014603627659        6.3179290098137253E-003
  0.43189106967194102       0.43189106967194102       0.79179555939349211        6.2016700065890768E-003
 -0.43189106967194102       0.43189106967194102       0.79179555939349211        6.2016700065890768E-003
  0.43189106967194102      -0.43189106967194102       0.79179555939349211        6.2016700065890768E-003
 -0.43189106967194102      -0.43189106967194102       0.79179555939349211        6.2016700065890768E-003
  0.43189106967194102       0.43189106967194102      -0.79179555939349211        6.2016700065890768E-003
 -0.43189106967194102       0.43189106967194102      -0.79179555939349211        6.2016700065890768E-003
  0.43189106967194102      -0.43189106967194102      -0.79179555939349211        6.2016700065890768E-003
 -0.43189106967194102      -0.43189106967194102      -0.79179555939349211        6.2016700065890768E-003
  0.43189106967194102       0.79179555939349211       0.43189106967194102        6.2016700065890768E-003
 -0.43189106967194102       0.79179555939349211       0.43189106967194102        6.2016700065890768E-003
  0.43189106967194102      -0.79179555939349211       0.43189106967194102        6.2016700065890768E-003
 -0.43189106967194102      -0.79179555939349211       0.43189106967194102        6.2016700065890768E-003
  0.43189106967194102       0.79179555939349211      -0.43189106967194102        6.2016700065890768E-003
 -0.43189106967194102       0.79179555939349211      -0.43189106967194102        6.2016700065890768E-003
  0.43189106967194102      -0.79179555939349211      -0.43189106967194102        6.2016700065890768E-003
 -0.43189106967194102      -0.79179555939349211      -0.43189106967194102        6.2016700065890768E-003
  0.79179555939349211       0.43189106967194102       0.43189106967194102        6.2016700065890768E-003
 -0.79179555939349211       0.43189106967194102       0.43189106967194102        6.2016700065890768E-003
  0.79179555939349211      -0.43189106967194102       0.43189106967194102        6.2016700065890768E-003
 -0.79179555939349211      -0.43189106967194102       0.43189106967194102        6.2016700065890768E-003
  0.79179555939349211       0.43189106967194102      -0.43189106967194102        6.2016700065890768E-003
 -0.79179555939349211       0.43189106967194102      -0.43189106967194102        6.2016700065890768E-003
  0.79179555939349211      -0.43189106967194102      -0.43189106967194102        6.2016700065890768E-003
 -0.79179555939349211      -0.43189106967194102      -0.43189106967194102        6.2016700065890768E-003
  0.26139313603359882       0.96523242197644843        0.0000000000000000        5.4771433851373477E-003
 -0.26139313603359882       0.96523242197644843        0.0000000000000000        5.4771433851373477E-003
  0.26139313603359882      -0.96523242197644843        0.0000000000000000        5.4771433851373477E-003
 -0.26139313603359882      -0.96523242197644843        0.0000000000000000        5.4771433851373477E-003
  0.96523242197644843       0.26139313603359882        0.0000000000000000        5.4771433851373477E-003
 -0.96523242197644843       0.26139313603359882        0.0000000000000000        5.4771433851373477E-003
  0.96523242197644843      -0.26139313603359882        0.0000000000000000        5.4771433851373477E-003
 -0.96523242197644843      -0.26139313603359882        0.0000000000000000        5.4771433851373477E-003
  0.26139313603359882        0.0000000000000000       0.96523242197644843        5.4771433851373477E-003
 -0.26139313603359882        0.0000000000000000       0.96523242197644843        5.4771433851373477E-003
  0.26139313603359882        0.0000000000000000      -0.96523242197644843        5.4771433851373477E-003
 -0.26139313603359882        0.0000000000000000      -0.96523242197644843        5.4771433851373477E-003
  0.96523242197644843        0.0000000000000000       0.26139313603359882        5.4771433851373477E-003
 -0.96523242197644843        0.0000000000000000       0.26139313603359882        5.4771433851373477E-003
  0.96523242197644843        0.0000000000000000      -0.26139313603359882        5.4771433851373477E-003
 -0.96523242197644843        0.0000000000000000      -0.26139313603359882        5.4771433851373477E-003
   0.0000000000000000       0.26139313603359882       0.96523242197644843        5.4771433851373477E-003
   0.0000000000000000      -0.26139313603359882       0.96523242197644843        5.4771433851373477E-003
   0.0000000000000000       0.26139313603359882      -0.96523242197644843        5.4771433851373477E-003
   0.0000000000000000      -0.26139313603359882      -0.96523242197644843        5.4771433851373477E-003
   0.0000000000000000       0.96523242197644843       0.26139313603359882        5.4771433851373477E-003
   0.0000000000000000      -0.96523242197644843       0.26139313603359882        5.4771433851373477E-003
   0.0000000000000000       0.96523242197644843      -0.26139313603359882        5.4771433851373477E-003
   0.0000000000000000      -0.96523242197644843      -0.26139313603359882        5.4771433851373477E-003
  0.49904531617960368       0.14466307443251150       0.85441580468465883        5.9683839876811563E-003
 -0.49904531617960368       0.14466307443251150       0.85441580468465883        5.9683839876811563E-003
  0.49904531617960368      -0.14466307443251150       0.85441580468465883        5.9683839876811563E-003
 -0.49904531617960368      -0.14466307443251150       0.85441580468465883        5.9683839876811563E-003
  0.49904531617960368       0.14466307443251150      -0.85441580468465883        5.9683839876811563E-003
 -0.49904531617960368       0.14466307443251150      -0.85441580468465883        5.9683839876811563E-003
  0.49904531617960368      -0.14466307443251150      -0.85441580468465883        5.9683839876811563E-003
 -0.49904531617960368      -0.14466307443251150      -0.85441580468465883        5.9683839876811563E-003
  0.49904531617960368       0.85441580468465883       0.14466307443251150        5.9683839876811563E-003
 -0.49904531617960368       0.85441580468465883       0.14466307443251150        5.9683839876811563E-003
  0.49904531617960368      -0.85441580468465883       0.14466307443251150        5.9683839876811563E-003
 -0.49904531617960368      -0.85441580468465883       0.14466307443251150        5.9683839876811563E-003
  0.49904531617960368       0.85441580468465883      -0.14466307443251150        5.9683839876811563E-003
 -0.49904531617960368       0.85441580468465883      -0.14466307443251150        5.9683839876811563E-003
  0.49904531617960368      -0.85441580468465883      -0.14466307443251150        5.9683839876811563E-003
 -0.49904531617960368      -0.85441580468465883      -0.14466307443251150        5.9683839876811563E-003
  0.14466307443251150       0.49904531617960368       0.85441580468465883        5.9683839876811563E-003
 -0.14466307443251150       0.49904531617960368       0.85441580468465883        5.9683839876811563E-003
  0.14466307443251150      -0.49904531617960368       0.85441580468465883        5.9683839876811563E-003
 -0.14466307443251150      -0.49904531617960368       0.85441580468465883        5.9683839876811563E-003
  0.14466307443251150       0.49904531617960368      -0.85441580468465883        5.9683839876811563E-003
 -0.14466307443251150       0.49904531617960368      -0.85441580468465883        5.9683839876811563E-003
  0.14466307443251150      -0.49904531617960368      -0.85441580468465883        5.9683839876811563E-003
 -0.14466307443251150      -0.49904531617960368      -0.85441580468465883        5.9683839876811563E-003
  0.14466307443251150       0.85441580468465883       0.49904531617960368        5.9683839876811563E-003
 -0.14466307443251150       0.85441580468465883       0.49904531617960368        5.9683839876811563E-003
  0.14466307443251150      -0.85441580468465883       0.49904531617960368        5.9683839876811563E-003
 -0.14466307443251150      -0.85441580468465883       0.49904531617960368        5.9683839876811563E-003
  0.14466307443251150       0.85441580468465883      -0.49904531617960368        5.9683839876811563E-003
 -0.14466307443251150       0.85441580468465883      -0.49904531617960368        5.9683839876811563E-003
  0.14466307443251150      -0.85441580468465883      -0.49904531617960368        5.9683839876811563E-003
 -0.14466307443251150      -0.85441580468465883      -0.49904531617960368        5.9683839876811563E-003
  0.85441580468465883       0.49904531617960368       0.14466307443251150        5.9683839876811563E-003
 -0.85441580468465883       0.49904531617960368       0.14466307443251150        5.9683839876811563E-003
  0.85441580468465883      -0.49904531617960368       0.14466307443251150        5.9683839876811563E-003
 -0.85441580468465883      -0.49904531617960368       0.14466307443251150        5.9683839876811563E-003
  0.85441580468465883       0.49904531617960368      -0.14466307443251150        5.9683839876811563E-003
 -0.85441580468465883       0.49904531617960368      -0.14466307443251150        5.9683839876811563E-003
  0.85441580468465883      -0.49904531617960368      -0.14466307443251150        5.9683839876811563E-003
 -0.85441580468465883      -0.49904531617960368      -0.14466307443251150        5.9683839876811563E-003
  0.85441580468465883       0.14466307443251150       0.49904531617960368        5.9683839876811563E-003
 -0.85441580468465883       0.14466307443251150       0.49904531617960368        5.9683839876811563E-003
  0.85441580468465883      -0.14466307443251150       0.49904531617960368        5.9683839876811563E-003
 -0.85441580468465883      -0.14466307443251150       0.49904531617960368        5.9683839876811563E-003
  0.85441580468465883       0.14466307443251150      -0.49904531617960368        5.9683839876811563E-003
 -0.85441580468465883       0.14466307443251150      -0.49904531617960368        5.9683839876811563E-003
  0.85441580468465883      -0.14466307443251150      -0.49904531617960368        5.9683839876811563E-003
 -0.85441580468465883      -0.14466307443251150      -0.49904531617960368        5.9683839876811563E-003
