   1.0000000000000000        0.0000000000000000        0.0000000000000000        5.1306717973384638E-004
  -1.0000000000000000        0.0000000000000000        0.0000000000000000        5.1306717973384638E-004
   0.0000000000000000        1.0000000000000000        0.0000000000000000        5.1306717973384638E-004
   0.0000000000000000       -1.0000000000000000        0.0000000000000000        5.1306717973384638E-004
   0.0000000000000000        0.0000000000000000        1.0000000000000000        5.1306717973384638E-004
   0.0000000000000000        0.0000000000000000       -1.0000000000000000        5.1306717973384638E-004
   0.0000000000000000       0.70710678118654757       0.70710678118654757        1.6604069565742039E-002
   0.0000000000000000      -0.70710678118654757       0.70710678118654757        1.6604069565742039E-002
   0.0000000000000000       0.70710678118654757      -0.70710678118654757        1.6604069565742039E-002
   0.0000000000000000      -0.70710678118654757      -0.70710678118654757        1.6604069565742039E-002
  0.70710678118654757        0.0000000000000000       0.70710678118654757        1.6604069565742039E-002
 -0.70710678118654757        0.0000000000000000       0.70710678118654757        1.6604069565742039E-002
  0.70710678118654757        0.0000000000000000      -0.70710678118654757        1.6604069565742039E-002
 -0.70710678118654757        0.0000000000000000      -0.70710678118654757        1.6604069565742039E-002
  0.70710678118654757       0.70710678118654757        0.0000000000000000        1.6604069565742039E-002
 -0.70710678118654757       0.70710678118654757        0.0000000000000000        1.6604069565742039E-002
  0.70710678118654757      -0.70710678118654757        0.0000000000000000        1.6604069565742039E-002
 -0.70710678118654757      -0.70710678118654757        0.0000000000000000        1.6604069565742039E-002
  0.57735026918962573       0.57735026918962573       0.57735026918962573       -2.9586038961038959E-002
 -0.57735026918962573       0.57735026918962573       0.57735026918962573       -2.9586038961038959E-002
  0.57735026918962573      -0.57735026918962573       0.57735026918962573       -2.9586038961038959E-002
 -0.57735026918962573      -0.57735026918962573       0.57735026918962573       -2.9586038961038959E-002
  0.57735026918962573       0.57735026918962573      -0.57735026918962573       -2.9586038961038959E-002
 -0.57735026918962573       0.57735026918962573      -0.57735026918962573       -2.9586038961038959E-002
  0.57735026918962573      -0.57735026918962573      -0.57735026918962573       -2.9586038961038959E-002
 -0.57735026918962573      -0.57735026918962573      -0.57735026918962573       -2.9586038961038959E-002
  0.48038446141526142       0.48038446141526142       0.73379938570534275        2.6576207082159461E-002
 -0.48038446141526142       0.48038446141526142       0.73379938570534275        2.6576207082159461E-002
  0.48038446141526142      -0.48038446141526142       0.73379938570534275        2.6576207082159461E-002
 -0.48038446141526142      -0.48038446141526142       0.73379938570534275        2.6576207082159461E-002
  0.48038446141526142       0.48038446141526142      -0.73379938570534275        2.6576207082159461E-002
 -0.48038446141526142       0.48038446141526142      -0.73379938570534275        2.6576207082159461E-002
  0.48038446141526142      -0.48038446141526142      -0.73379938570534275        2.6576207082159461E-002
 -0.48038446141526142      -0.48038446141526142      -0.73379938570534275        2.6576207082159461E-002
  0.48038446141526142       0.73379938570534275       0.48038446141526142        2.6576207082159461E-002
 -0.48038446141526142       0.73379938570534275       0.48038446141526142        2.6576207082159461E-002
  0.48038446141526142      -0.73379938570534275       0.48038446141526142        2.6576207082159461E-002
 -0.48038446141526142      -0.73379938570534275       0.48038446141526142        2.6576207082159461E-002
  0.48038446141526142       0.73379938570534275      -0.48038446141526142        2.6576207082159461E-002
 -0.48038446141526142       0.73379938570534275      -0.48038446141526142        2.6576207082159461E-002
  0.48038446141526142      -0.73379938570534275      -0.48038446141526142        2.6576207082159461E-002
 -0.48038446141526142      -0.73379938570534275      -0.48038446141526142        2.6576207082159461E-002
  0.73379938570534275       0.48038446141526142       0.48038446141526142        2.6576207082159461E-002
 -0.73379938570534275       0.48038446141526142       0.48038446141526142        2.6576207082159461E-002
  0.73379938570534275      -0.48038446141526142       0.48038446141526142        2.6576207082159461E-002
 -0.73379938570534275      -0.48038446141526142       0.48038446141526142        2.6576207082159461E-002
  0.73379938570534275       0.48038446141526142      -0.48038446141526142        2.6576207082159461E-002
 -0.73379938570534275       0.48038446141526142      -0.48038446141526142        2.6576207082159461E-002
  0.73379938570534275      -0.48038446141526142      -0.48038446141526142        2.6576207082159461E-002
 -0.73379938570534275      -0.48038446141526142      -0.48038446141526142        2.6576207082159461E-002
  0.32077264898077640       0.94715622136258792        0.0000000000000000        1.6522170993715710E-002
 -0.32077264898077640       0.94715622136258792        0.0000000000000000        1.6522170993715710E-002
  0.32077264898077640      -0.94715622136258792        0.0000000000000000        1.6522170993715710E-002
 -0.32077264898077640      -0.94715622136258792        0.0000000000000000        1.6522170993715710E-002
  0.94715622136258792       0.32077264898077640        0.0000000000000000        1.6522170993715710E-002
 -0.94715622136258792       0.32077264898077640        0.0000000000000000        1.6522170993715710E-002
  0.94715622136258792      -0.32077264898077640        0.0000000000000000        1.6522170993715710E-002
 -0.94715622136258792      -0.32077264898077640        0.0000000000000000        1.6522170993715710E-002
  0.32077264898077640        0.0000000000000000       0.94715622136258792        1.6522170993715710E-002
 -0.32077264898077640        0.0000000000000000       0.94715622136258792        1.6522170993715710E-002
  0.32077264898077640        0.0000000000000000      -0.94715622136258792        1.6522170993715710E-002
 -0.32077264898077640        0.0000000000000000      -0.94715622136258792        1.6522170993715710E-002
  0.94715622136258792        0.0000000000000000       0.32077264898077640        1.6522170993715710E-002
 -0.94715622136258792        0.0000000000000000       0.32077264898077640        1.6522170993715710E-002
  0.94715622136258792        0.0000000000000000      -0.32077264898077640        1.6522170993715710E-002
 -0.94715622136258792        0.0000000000000000      -0.32077264898077640        1.6522170993715710E-002
   0.0000000000000000       0.32077264898077640       0.94715622136258792        1.6522170993715710E-002
   0.0000000000000000      -0.32077264898077640       0.94715622136258792        1.6522170993715710E-002
   0.0000000000000000       0.32077264898077640      -0.94715622136258792        1.6522170993715710E-002
   0.0000000000000000      -0.32077264898077640      -0.94715622136258792        1.6522170993715710E-002
   0.0000000000000000       0.94715622136258792       0.32077264898077640        1.6522170993715710E-002
   0.0000000000000000      -0.94715622136258792       0.32077264898077640        1.6522170993715710E-002
   0.0000000000000000       0.94715622136258792      -0.32077264898077640        1.6522170993715710E-002
   0.0000000000000000      -0.94715622136258792      -0.32077264898077640        1.6522170993715710E-002
