   1.0000000000000000        0.0000000000000000        0.0000000000000000       -5.5226399197273249E-002
  -1.0000000000000000        0.0000000000000000        0.0000000000000000       -5.5226399197273249E-002
   0.0000000000000000        1.0000000000000000        0.0000000000000000       -5.5226399197273249E-002
   0.0000000000000000       -1.0000000000000000        0.0000000000000000       -5.5226399197273249E-002
   0.0000000000000000        0.0000000000000000        1.0000000000000000       -5.5226399197273249E-002
   0.0000000000000000        0.0000000000000000       -1.0000000000000000       -5.5226399197273249E-002
  0.57735026918962573       0.57735026918962573       0.57735026918962573        4.4502746074452258E-003
 -0.57735026918962573       0.57735026918962573       0.57735026918962573        4.4502746074452258E-003
  0.57735026918962573      -0.57735026918962573       0.57735026918962573        4.4502746074452258E-003
 -0.57735026918962573      -0.57735026918962573       0.57735026918962573        4.4502746074452258E-003
  0.57735026918962573       0.57735026918962573      -0.57735026918962573        4.4502746074452258E-003
 -0.57735026918962573       0.57735026918962573      -0.57735026918962573        4.4502746074452258E-003
  0.57735026918962573      -0.57735026918962573      -0.57735026918962573        4.4502746074452258E-003
 -0.57735026918962573      -0.57735026918962573      -0.57735026918962573        4.4502746074452258E-003
  0.44920446873976111       0.44920446873976111       0.77228925314836405        4.4968410679214043E-003
 -0.44920446873976111       0.44920446873976111       0.77228925314836405        4.4968410679214043E-003
  0.44920446873976111      -0.44920446873976111       0.77228925314836405        4.4968410679214043E-003
 -0.44920446873976111      -0.44920446873976111       0.77228925314836405        4.4968410679214043E-003
  0.44920446873976111       0.44920446873976111      -0.77228925314836405        4.4968410679214043E-003
 -0.44920446873976111       0.44920446873976111      -0.77228925314836405        4.4968410679214043E-003
  0.44920446873976111      -0.44920446873976111      -0.77228925314836405        4.4968410679214043E-003
 -0.44920446873976111      -0.44920446873976111      -0.77228925314836405        4.4968410679214043E-003
  0.44920446873976111       0.77228925314836405       0.44920446873976111        4.4968410679214043E-003
 -0.44920446873976111       0.77228925314836405       0.44920446873976111        4.4968410679214043E-003
  0.44920446873976111      -0.77228925314836405       0.44920446873976111        4.4968410679214043E-003
 -0.44920446873976111      -0.77228925314836405       0.44920446873976111        4.4968410679214043E-003
  0.44920446873976111       0.77228925314836405      -0.44920446873976111        4.4968410679214043E-003
 -0.44920446873976111       0.77228925314836405      -0.44920446873976111        4.4968410679214043E-003
  0.44920446873976111      -0.77228925314836405      -0.44920446873976111        4.4968410679214043E-003
 -0.44920446873976111      -0.77228925314836405      -0.44920446873976111        4.4968410679214043E-003
  0.77228925314836405       0.44920446873976111       0.44920446873976111        4.4968410679214043E-003
 -0.77228925314836405       0.44920446873976111       0.44920446873976111        4.4968410679214043E-003
  0.77228925314836405      -0.44920446873976111       0.44920446873976111        4.4968410679214043E-003
 -0.77228925314836405      -0.44920446873976111       0.44920446873976111        4.4968410679214043E-003
  0.77228925314836405       0.44920446873976111      -0.44920446873976111        4.4968410679214043E-003
 -0.77228925314836405       0.44920446873976111      -0.44920446873976111        4.4968410679214043E-003
  0.77228925314836405      -0.44920446873976111      -0.44920446873976111        4.4968410679214043E-003
 -0.77228925314836405      -0.44920446873976111      -0.44920446873976111        4.4968410679214043E-003
  0.25204194902102012       0.25204194902102012       0.93431777884581169        5.0491534504787496E-003
 -0.25204194902102012       0.25204194902102012       0.93431777884581169        5.0491534504787496E-003
  0.25204194902102012      -0.25204194902102012       0.93431777884581169        5.0491534504787496E-003
 -0.25204194902102012      -0.25204194902102012       0.93431777884581169        5.0491534504787496E-003
  0.25204194902102012       0.25204194902102012      -0.93431777884581169        5.0491534504787496E-003
 -0.25204194902102012       0.25204194902102012      -0.93431777884581169        5.0491534504787496E-003
  0.25204194902102012      -0.25204194902102012      -0.93431777884581169        5.0491534504787496E-003
 -0.25204194902102012      -0.25204194902102012      -0.93431777884581169        5.0491534504787496E-003
  0.25204194902102012       0.93431777884581169       0.25204194902102012        5.0491534504787496E-003
 -0.25204194902102012       0.93431777884581169       0.25204194902102012        5.0491534504787496E-003
  0.25204194902102012      -0.93431777884581169       0.25204194902102012        5.0491534504787496E-003
 -0.25204194902102012      -0.93431777884581169       0.25204194902102012        5.0491534504787496E-003
  0.25204194902102012       0.93431777884581169      -0.25204194902102012        5.0491534504787496E-003
 -0.25204194902102012       0.93431777884581169      -0.25204194902102012        5.0491534504787496E-003
  0.25204194902102012      -0.93431777884581169      -0.25204194902102012        5.0491534504787496E-003
 -0.25204194902102012      -0.93431777884581169      -0.25204194902102012        5.0491534504787496E-003
  0.93431777884581169       0.25204194902102012       0.25204194902102012        5.0491534504787496E-003
 -0.93431777884581169       0.25204194902102012       0.25204194902102012        5.0491534504787496E-003
  0.93431777884581169      -0.25204194902102012       0.25204194902102012        5.0491534504787496E-003
 -0.93431777884581169      -0.25204194902102012       0.25204194902102012        5.0491534504787496E-003
  0.93431777884581169       0.25204194902102012      -0.25204194902102012        5.0491534504787496E-003
 -0.93431777884581169       0.25204194902102012      -0.25204194902102012        5.0491534504787496E-003
  0.93431777884581169      -0.25204194902102012      -0.25204194902102012        5.0491534504787496E-003
 -0.93431777884581169      -0.25204194902102012      -0.25204194902102012        5.0491534504787496E-003
  0.69819066584472422       0.69819066584472422       0.15830220546347831        3.9764080180518828E-003
 -0.69819066584472422       0.69819066584472422       0.15830220546347831        3.9764080180518828E-003
  0.69819066584472422      -0.69819066584472422       0.15830220546347831        3.9764080180518828E-003
 -0.69819066584472422      -0.69819066584472422       0.15830220546347831        3.9764080180518828E-003
  0.69819066584472422       0.69819066584472422      -0.15830220546347831        3.9764080180518828E-003
 -0.69819066584472422       0.69819066584472422      -0.15830220546347831        3.9764080180518828E-003
  0.69819066584472422      -0.69819066584472422      -0.15830220546347831        3.9764080180518828E-003
 -0.69819066584472422      -0.69819066584472422      -0.15830220546347831        3.9764080180518828E-003
  0.69819066584472422       0.15830220546347831       0.69819066584472422        3.9764080180518828E-003
 -0.69819066584472422       0.15830220546347831       0.69819066584472422        3.9764080180518828E-003
  0.69819066584472422      -0.15830220546347831       0.69819066584472422        3.9764080180518828E-003
 -0.69819066584472422      -0.15830220546347831       0.69819066584472422        3.9764080180518828E-003
  0.69819066584472422       0.15830220546347831      -0.69819066584472422        3.9764080180518828E-003
 -0.69819066584472422       0.15830220546347831      -0.69819066584472422        3.9764080180518828E-003
  0.69819066584472422      -0.15830220546347831      -0.69819066584472422        3.9764080180518828E-003
 -0.69819066584472422      -0.15830220546347831      -0.69819066584472422        3.9764080180518828E-003
  0.15830220546347831       0.69819066584472422       0.69819066584472422        3.9764080180518828E-003
 -0.15830220546347831       0.69819066584472422       0.69819066584472422        3.9764080180518828E-003
  0.15830220546347831      -0.69819066584472422       0.69819066584472422        3.9764080180518828E-003
 -0.15830220546347831      -0.69819066584472422       0.69819066584472422        3.9764080180518828E-003
  0.15830220546347831       0.69819066584472422      -0.69819066584472422        3.9764080180518828E-003
 -0.15830220546347831       0.69819066584472422      -0.69819066584472422        3.9764080180518828E-003
  0.15830220546347831      -0.69819066584472422      -0.69819066584472422        3.9764080180518828E-003
 -0.15830220546347831      -0.69819066584472422      -0.69819066584472422        3.9764080180518828E-003
  0.65874052434609598       0.65874052434609598       0.36348568495672712        4.4014006503810144E-003
 -0.65874052434609598       0.65874052434609598       0.36348568495672712        4.4014006503810144E-003
  0.65874052434609598      -0.65874052434609598       0.36348568495672712        4.4014006503810144E-003
 -0.65874052434609598      -0.65874052434609598       0.36348568495672712        4.4014006503810144E-003
  0.65874052434609598       0.65874052434609598      -0.36348568495672712        4.4014006503810144E-003
 -0.65874052434609598       0.65874052434609598      -0.36348568495672712        4.4014006503810144E-003
  0.65874052434609598      -0.65874052434609598      -0.36348568495672712        4.4014006503810144E-003
 -0.65874052434609598      -0.65874052434609598      -0.36348568495672712        4.4014006503810144E-003
  0.65874052434609598       0.36348568495672712       0.65874052434609598        4.4014006503810144E-003
 -0.65874052434609598       0.36348568495672712       0.65874052434609598        4.4014006503810144E-003
  0.65874052434609598      -0.36348568495672712       0.65874052434609598        4.4014006503810144E-003
 -0.65874052434609598      -0.36348568495672712       0.65874052434609598        4.4014006503810144E-003
  0.65874052434609598       0.36348568495672712      -0.65874052434609598        4.4014006503810144E-003
 -0.65874052434609598       0.36348568495672712      -0.65874052434609598        4.4014006503810144E-003
  0.65874052434609598      -0.36348568495672712      -0.65874052434609598        4.4014006503810144E-003
 -0.65874052434609598      -0.36348568495672712      -0.65874052434609598        4.4014006503810144E-003
  0.36348568495672712       0.65874052434609598       0.65874052434609598        4.4014006503810144E-003
 -0.36348568495672712       0.65874052434609598       0.65874052434609598        4.4014006503810144E-003
  0.36348568495672712      -0.65874052434609598       0.65874052434609598        4.4014006503810144E-003
 -0.36348568495672712      -0.65874052434609598       0.65874052434609598        4.4014006503810144E-003
  0.36348568495672712       0.65874052434609598      -0.65874052434609598        4.4014006503810144E-003
 -0.36348568495672712       0.65874052434609598      -0.65874052434609598        4.4014006503810144E-003
  0.36348568495672712      -0.65874052434609598      -0.65874052434609598        4.4014006503810144E-003
 -0.36348568495672712      -0.65874052434609598      -0.65874052434609598        4.4014006503810144E-003
   4.0385440500976602E-002   4.0385440500976602E-002  0.99836768396772746        1.7245443505444009E-002
  -4.0385440500976602E-002   4.0385440500976602E-002  0.99836768396772746        1.7245443505444009E-002
   4.0385440500976602E-002  -4.0385440500976602E-002  0.99836768396772746        1.7245443505444009E-002
  -4.0385440500976602E-002  -4.0385440500976602E-002  0.99836768396772746        1.7245443505444009E-002
   4.0385440500976602E-002   4.0385440500976602E-002 -0.99836768396772746        1.7245443505444009E-002
  -4.0385440500976602E-002   4.0385440500976602E-002 -0.99836768396772746        1.7245443505444009E-002
   4.0385440500976602E-002  -4.0385440500976602E-002 -0.99836768396772746        1.7245443505444009E-002
  -4.0385440500976602E-002  -4.0385440500976602E-002 -0.99836768396772746        1.7245443505444009E-002
   4.0385440500976602E-002  0.99836768396772746        4.0385440500976602E-002   1.7245443505444009E-002
  -4.0385440500976602E-002  0.99836768396772746        4.0385440500976602E-002   1.7245443505444009E-002
   4.0385440500976602E-002 -0.99836768396772746        4.0385440500976602E-002   1.7245443505444009E-002
  -4.0385440500976602E-002 -0.99836768396772746        4.0385440500976602E-002   1.7245443505444009E-002
   4.0385440500976602E-002  0.99836768396772746       -4.0385440500976602E-002   1.7245443505444009E-002
  -4.0385440500976602E-002  0.99836768396772746       -4.0385440500976602E-002   1.7245443505444009E-002
   4.0385440500976602E-002 -0.99836768396772746       -4.0385440500976602E-002   1.7245443505444009E-002
  -4.0385440500976602E-002 -0.99836768396772746       -4.0385440500976602E-002   1.7245443505444009E-002
  0.99836768396772746        4.0385440500976602E-002   4.0385440500976602E-002   1.7245443505444009E-002
 -0.99836768396772746        4.0385440500976602E-002   4.0385440500976602E-002   1.7245443505444009E-002
  0.99836768396772746       -4.0385440500976602E-002   4.0385440500976602E-002   1.7245443505444009E-002
 -0.99836768396772746       -4.0385440500976602E-002   4.0385440500976602E-002   1.7245443505444009E-002
  0.99836768396772746        4.0385440500976602E-002  -4.0385440500976602E-002   1.7245443505444009E-002
 -0.99836768396772746        4.0385440500976602E-002  -4.0385440500976602E-002   1.7245443505444009E-002
  0.99836768396772746       -4.0385440500976602E-002  -4.0385440500976602E-002   1.7245443505444009E-002
 -0.99836768396772746       -4.0385440500976602E-002  -4.0385440500976602E-002   1.7245443505444009E-002
  0.58238423097155845       0.81291365317336528        0.0000000000000000        4.2310830953573427E-003
 -0.58238423097155845       0.81291365317336528        0.0000000000000000        4.2310830953573427E-003
  0.58238423097155845      -0.81291365317336528        0.0000000000000000        4.2310830953573427E-003
 -0.58238423097155845      -0.81291365317336528        0.0000000000000000        4.2310830953573427E-003
  0.81291365317336528       0.58238423097155845        0.0000000000000000        4.2310830953573427E-003
 -0.81291365317336528       0.58238423097155845        0.0000000000000000        4.2310830953573427E-003
  0.81291365317336528      -0.58238423097155845        0.0000000000000000        4.2310830953573427E-003
 -0.81291365317336528      -0.58238423097155845        0.0000000000000000        4.2310830953573427E-003
  0.58238423097155845        0.0000000000000000       0.81291365317336528        4.2310830953573427E-003
 -0.58238423097155845        0.0000000000000000       0.81291365317336528        4.2310830953573427E-003
  0.58238423097155845        0.0000000000000000      -0.81291365317336528        4.2310830953573427E-003
 -0.58238423097155845        0.0000000000000000      -0.81291365317336528        4.2310830953573427E-003
  0.81291365317336528        0.0000000000000000       0.58238423097155845        4.2310830953573427E-003
 -0.81291365317336528        0.0000000000000000       0.58238423097155845        4.2310830953573427E-003
  0.81291365317336528        0.0000000000000000      -0.58238423097155845        4.2310830953573427E-003
 -0.81291365317336528        0.0000000000000000      -0.58238423097155845        4.2310830953573427E-003
   0.0000000000000000       0.58238423097155845       0.81291365317336528        4.2310830953573427E-003
   0.0000000000000000      -0.58238423097155845       0.81291365317336528        4.2310830953573427E-003
   0.0000000000000000       0.58238423097155845      -0.81291365317336528        4.2310830953573427E-003
   0.0000000000000000      -0.58238423097155845      -0.81291365317336528        4.2310830953573427E-003
   0.0000000000000000       0.81291365317336528       0.58238423097155845        4.2310830953573427E-003
   0.0000000000000000      -0.81291365317336528       0.58238423097155845        4.2310830953573427E-003
   0.0000000000000000       0.81291365317336528      -0.58238423097155845        4.2310830953573427E-003
   0.0000000000000000      -0.81291365317336528      -0.58238423097155845        4.2310830953573427E-003
  0.35458773905186880       0.93502274588059298        0.0000000000000000        5.1980698640643986E-003
 -0.35458773905186880       0.93502274588059298        0.0000000000000000        5.1980698640643986E-003
  0.35458773905186880      -0.93502274588059298        0.0000000000000000        5.1980698640643986E-003
 -0.35458773905186880      -0.93502274588059298        0.0000000000000000        5.1980698640643986E-003
  0.93502274588059298       0.35458773905186880        0.0000000000000000        5.1980698640643986E-003
 -0.93502274588059298       0.35458773905186880        0.0000000000000000        5.1980698640643986E-003
  0.93502274588059298      -0.35458773905186880        0.0000000000000000        5.1980698640643986E-003
 -0.93502274588059298      -0.35458773905186880        0.0000000000000000        5.1980698640643986E-003
  0.35458773905186880        0.0000000000000000       0.93502274588059298        5.1980698640643986E-003
 -0.35458773905186880        0.0000000000000000       0.93502274588059298        5.1980698640643986E-003
  0.35458773905186880        0.0000000000000000      -0.93502274588059298        5.1980698640643986E-003
 -0.35458773905186880        0.0000000000000000      -0.93502274588059298        5.1980698640643986E-003
  0.93502274588059298        0.0000000000000000       0.35458773905186880        5.1980698640643986E-003
 -0.93502274588059298        0.0000000000000000       0.35458773905186880        5.1980698640643986E-003
  0.93502274588059298        0.0000000000000000      -0.35458773905186880        5.1980698640643986E-003
 -0.93502274588059298        0.0000000000000000      -0.35458773905186880        5.1980698640643986E-003
   0.0000000000000000       0.35458773905186880       0.93502274588059298        5.1980698640643986E-003
   0.0000000000000000      -0.35458773905186880       0.93502274588059298        5.1980698640643986E-003
   0.0000000000000000       0.35458773905186880      -0.93502274588059298        5.1980698640643986E-003
   0.0000000000000000      -0.35458773905186880      -0.93502274588059298        5.1980698640643986E-003
   0.0000000000000000       0.93502274588059298       0.35458773905186880        5.1980698640643986E-003
   0.0000000000000000      -0.93502274588059298       0.35458773905186880        5.1980698640643986E-003
   0.0000000000000000       0.93502274588059298      -0.35458773905186880        5.1980698640643986E-003
   0.0000000000000000      -0.93502274588059298      -0.35458773905186880        5.1980698640643986E-003
  0.22721818089981871       0.48646615358866468       0.84363652106889431        4.6957209725688826E-003
 -0.22721818089981871       0.48646615358866468       0.84363652106889431        4.6957209725688826E-003
  0.22721818089981871      -0.48646615358866468       0.84363652106889431        4.6957209725688826E-003
 -0.22721818089981871      -0.48646615358866468       0.84363652106889431        4.6957209725688826E-003
  0.22721818089981871       0.48646615358866468      -0.84363652106889431        4.6957209725688826E-003
 -0.22721818089981871       0.48646615358866468      -0.84363652106889431        4.6957209725688826E-003
  0.22721818089981871      -0.48646615358866468      -0.84363652106889431        4.6957209725688826E-003
 -0.22721818089981871      -0.48646615358866468      -0.84363652106889431        4.6957209725688826E-003
  0.22721818089981871       0.84363652106889431       0.48646615358866468        4.6957209725688826E-003
 -0.22721818089981871       0.84363652106889431       0.48646615358866468        4.6957209725688826E-003
  0.22721818089981871      -0.84363652106889431       0.48646615358866468        4.6957209725688826E-003
 -0.22721818089981871      -0.84363652106889431       0.48646615358866468        4.6957209725688826E-003
  0.22721818089981871       0.84363652106889431      -0.48646615358866468        4.6957209725688826E-003
 -0.22721818089981871       0.84363652106889431      -0.48646615358866468        4.6957209725688826E-003
  0.22721818089981871      -0.84363652106889431      -0.48646615358866468        4.6957209725688826E-003
 -0.22721818089981871      -0.84363652106889431      -0.48646615358866468        4.6957209725688826E-003
  0.48646615358866468       0.22721818089981871       0.84363652106889431        4.6957209725688826E-003
 -0.48646615358866468       0.22721818089981871       0.84363652106889431        4.6957209725688826E-003
  0.48646615358866468      -0.22721818089981871       0.84363652106889431        4.6957209725688826E-003
 -0.48646615358866468      -0.22721818089981871       0.84363652106889431        4.6957209725688826E-003
  0.48646615358866468       0.22721818089981871      -0.84363652106889431        4.6957209725688826E-003
 -0.48646615358866468       0.22721818089981871      -0.84363652106889431        4.6957209725688826E-003
  0.48646615358866468      -0.22721818089981871      -0.84363652106889431        4.6957209725688826E-003
 -0.48646615358866468      -0.22721818089981871      -0.84363652106889431        4.6957209725688826E-003
  0.48646615358866468       0.84363652106889431       0.22721818089981871        4.6957209725688826E-003
 -0.48646615358866468       0.84363652106889431       0.22721818089981871        4.6957209725688826E-003
  0.48646615358866468      -0.84363652106889431       0.22721818089981871        4.6957209725688826E-003
 -0.48646615358866468      -0.84363652106889431       0.22721818089981871        4.6957209725688826E-003
  0.48646615358866468       0.84363652106889431      -0.22721818089981871        4.6957209725688826E-003
 -0.48646615358866468       0.84363652106889431      -0.22721818089981871        4.6957209725688826E-003
  0.48646615358866468      -0.84363652106889431      -0.22721818089981871        4.6957209725688826E-003
 -0.48646615358866468      -0.84363652106889431      -0.22721818089981871        4.6957209725688826E-003
  0.84363652106889431       0.22721818089981871       0.48646615358866468        4.6957209725688826E-003
 -0.84363652106889431       0.22721818089981871       0.48646615358866468        4.6957209725688826E-003
  0.84363652106889431      -0.22721818089981871       0.48646615358866468        4.6957209725688826E-003
 -0.84363652106889431      -0.22721818089981871       0.48646615358866468        4.6957209725688826E-003
  0.84363652106889431       0.22721818089981871      -0.48646615358866468        4.6957209725688826E-003
 -0.84363652106889431       0.22721818089981871      -0.48646615358866468        4.6957209725688826E-003
  0.84363652106889431      -0.22721818089981871      -0.48646615358866468        4.6957209725688826E-003
 -0.84363652106889431      -0.22721818089981871      -0.48646615358866468        4.6957209725688826E-003
  0.84363652106889431       0.48646615358866468       0.22721818089981871        4.6957209725688826E-003
 -0.84363652106889431       0.48646615358866468       0.22721818089981871        4.6957209725688826E-003
  0.84363652106889431      -0.48646615358866468       0.22721818089981871        4.6957209725688826E-003
 -0.84363652106889431      -0.48646615358866468       0.22721818089981871        4.6957209725688826E-003
  0.84363652106889431       0.48646615358866468      -0.22721818089981871        4.6957209725688826E-003
 -0.84363652106889431       0.48646615358866468      -0.22721818089981871        4.6957209725688826E-003
  0.84363652106889431      -0.48646615358866468      -0.22721818089981871        4.6957209725688826E-003
 -0.84363652106889431      -0.48646615358866468      -0.22721818089981871        4.6957209725688826E-003
