   1.0000000000000000        0.0000000000000000        0.0000000000000000        3.8282704949371619E-003
  -1.0000000000000000        0.0000000000000000        0.0000000000000000        3.8282704949371619E-003
   0.0000000000000000        1.0000000000000000        0.0000000000000000        3.8282704949371619E-003
   0.0000000000000000       -1.0000000000000000        0.0000000000000000        3.8282704949371619E-003
   0.0000000000000000        0.0000000000000000        1.0000000000000000        3.8282704949371619E-003
   0.0000000000000000        0.0000000000000000       -1.0000000000000000        3.8282704949371619E-003
  0.57735026918962573       0.57735026918962573       0.57735026918962573        9.7937375124875128E-003
 -0.57735026918962573       0.57735026918962573       0.57735026918962573        9.7937375124875128E-003
  0.57735026918962573      -0.57735026918962573       0.57735026918962573        9.7937375124875128E-003
 -0.57735026918962573      -0.57735026918962573       0.57735026918962573        9.7937375124875128E-003
  0.57735026918962573       0.57735026918962573      -0.57735026918962573        9.7937375124875128E-003
 -0.57735026918962573       0.57735026918962573      -0.57735026918962573        9.7937375124875128E-003
  0.57735026918962573      -0.57735026918962573      -0.57735026918962573        9.7937375124875128E-003
 -0.57735026918962573      -0.57735026918962573      -0.57735026918962573        9.7937375124875128E-003
  0.18511563534473621       0.18511563534473621       0.96512403508659406        8.2117372831911114E-003
 -0.18511563534473621       0.18511563534473621       0.96512403508659406        8.2117372831911114E-003
  0.18511563534473621      -0.18511563534473621       0.96512403508659406        8.2117372831911114E-003
 -0.18511563534473621      -0.18511563534473621       0.96512403508659406        8.2117372831911114E-003
  0.18511563534473621       0.18511563534473621      -0.96512403508659406        8.2117372831911114E-003
 -0.18511563534473621       0.18511563534473621      -0.96512403508659406        8.2117372831911114E-003
  0.18511563534473621      -0.18511563534473621      -0.96512403508659406        8.2117372831911114E-003
 -0.18511563534473621      -0.18511563534473621      -0.96512403508659406        8.2117372831911114E-003
  0.18511563534473621       0.96512403508659406       0.18511563534473621        8.2117372831911114E-003
 -0.18511563534473621       0.96512403508659406       0.18511563534473621        8.2117372831911114E-003
  0.18511563534473621      -0.96512403508659406       0.18511563534473621        8.2117372831911114E-003
 -0.18511563534473621      -0.96512403508659406       0.18511563534473621        8.2117372831911114E-003
  0.18511563534473621       0.96512403508659406      -0.18511563534473621        8.2117372831911114E-003
 -0.18511563534473621       0.96512403508659406      -0.18511563534473621        8.2117372831911114E-003
  0.18511563534473621      -0.96512403508659406      -0.18511563534473621        8.2117372831911114E-003
 -0.18511563534473621      -0.96512403508659406      -0.18511563534473621        8.2117372831911114E-003
  0.96512403508659406       0.18511563534473621       0.18511563534473621        8.2117372831911114E-003
 -0.96512403508659406       0.18511563534473621       0.18511563534473621        8.2117372831911114E-003
  0.96512403508659406      -0.18511563534473621       0.18511563534473621        8.2117372831911114E-003
 -0.96512403508659406      -0.18511563534473621       0.18511563534473621        8.2117372831911114E-003
  0.96512403508659406       0.18511563534473621      -0.18511563534473621        8.2117372831911114E-003
 -0.96512403508659406       0.18511563534473621      -0.18511563534473621        8.2117372831911114E-003
  0.96512403508659406      -0.18511563534473621      -0.18511563534473621        8.2117372831911114E-003
 -0.96512403508659406      -0.18511563534473621      -0.18511563534473621        8.2117372831911114E-003
  0.69042104838229224       0.69042104838229224       0.21595729184584844        9.9428148911781030E-003
 -0.69042104838229224       0.69042104838229224       0.21595729184584844        9.9428148911781030E-003
  0.69042104838229224      -0.69042104838229224       0.21595729184584844        9.9428148911781030E-003
 -0.69042104838229224      -0.69042104838229224       0.21595729184584844        9.9428148911781030E-003
  0.69042104838229224       0.69042104838229224      -0.21595729184584844        9.9428148911781030E-003
 -0.69042104838229224       0.69042104838229224      -0.21595729184584844        9.9428148911781030E-003
  0.69042104838229224      -0.69042104838229224      -0.21595729184584844        9.9428148911781030E-003
 -0.69042104838229224      -0.69042104838229224      -0.21595729184584844        9.9428148911781030E-003
  0.69042104838229224       0.21595729184584844       0.69042104838229224        9.9428148911781030E-003
 -0.69042104838229224       0.21595729184584844       0.69042104838229224        9.9428148911781030E-003
  0.69042104838229224      -0.21595729184584844       0.69042104838229224        9.9428148911781030E-003
 -0.69042104838229224      -0.21595729184584844       0.69042104838229224        9.9428148911781030E-003
  0.69042104838229224       0.21595729184584844      -0.69042104838229224        9.9428148911781030E-003
 -0.69042104838229224       0.21595729184584844      -0.69042104838229224        9.9428148911781030E-003
  0.69042104838229224      -0.21595729184584844      -0.69042104838229224        9.9428148911781030E-003
 -0.69042104838229224      -0.21595729184584844      -0.69042104838229224        9.9428148911781030E-003
  0.21595729184584844       0.69042104838229224       0.69042104838229224        9.9428148911781030E-003
 -0.21595729184584844       0.69042104838229224       0.69042104838229224        9.9428148911781030E-003
  0.21595729184584844      -0.69042104838229224       0.69042104838229224        9.9428148911781030E-003
 -0.21595729184584844      -0.69042104838229224       0.69042104838229224        9.9428148911781030E-003
  0.21595729184584844       0.69042104838229224      -0.69042104838229224        9.9428148911781030E-003
 -0.21595729184584844       0.69042104838229224      -0.69042104838229224        9.9428148911781030E-003
  0.21595729184584844      -0.69042104838229224      -0.69042104838229224        9.9428148911781030E-003
 -0.21595729184584844      -0.69042104838229224      -0.69042104838229224        9.9428148911781030E-003
  0.39568947305594188       0.39568947305594188       0.82876998125259227        9.5954713360709622E-003
 -0.39568947305594188       0.39568947305594188       0.82876998125259227        9.5954713360709622E-003
  0.39568947305594188      -0.39568947305594188       0.82876998125259227        9.5954713360709622E-003
 -0.39568947305594188      -0.39568947305594188       0.82876998125259227        9.5954713360709622E-003
  0.39568947305594188       0.39568947305594188      -0.82876998125259227        9.5954713360709622E-003
 -0.39568947305594188       0.39568947305594188      -0.82876998125259227        9.5954713360709622E-003
  0.39568947305594188      -0.39568947305594188      -0.82876998125259227        9.5954713360709622E-003
 -0.39568947305594188      -0.39568947305594188      -0.82876998125259227        9.5954713360709622E-003
  0.39568947305594188       0.82876998125259227       0.39568947305594188        9.5954713360709622E-003
 -0.39568947305594188       0.82876998125259227       0.39568947305594188        9.5954713360709622E-003
  0.39568947305594188      -0.82876998125259227       0.39568947305594188        9.5954713360709622E-003
 -0.39568947305594188      -0.82876998125259227       0.39568947305594188        9.5954713360709622E-003
  0.39568947305594188       0.82876998125259227      -0.39568947305594188        9.5954713360709622E-003
 -0.39568947305594188       0.82876998125259227      -0.39568947305594188        9.5954713360709622E-003
  0.39568947305594188      -0.82876998125259227      -0.39568947305594188        9.5954713360709622E-003
 -0.39568947305594188      -0.82876998125259227      -0.39568947305594188        9.5954713360709622E-003
  0.82876998125259227       0.39568947305594188       0.39568947305594188        9.5954713360709622E-003
 -0.82876998125259227       0.39568947305594188       0.39568947305594188        9.5954713360709622E-003
  0.82876998125259227      -0.39568947305594188       0.39568947305594188        9.5954713360709622E-003
 -0.82876998125259227      -0.39568947305594188       0.39568947305594188        9.5954713360709622E-003
  0.82876998125259227       0.39568947305594188      -0.39568947305594188        9.5954713360709622E-003
 -0.82876998125259227       0.39568947305594188      -0.39568947305594188        9.5954713360709622E-003
  0.82876998125259227      -0.39568947305594188      -0.39568947305594188        9.5954713360709622E-003
 -0.82876998125259227      -0.39568947305594188      -0.39568947305594188        9.5954713360709622E-003
  0.47836902881215021       0.87815891060406615        0.0000000000000000        9.6949963616630285E-003
 -0.47836902881215021       0.87815891060406615        0.0000000000000000        9.6949963616630285E-003
  0.47836902881215021      -0.87815891060406615        0.0000000000000000        9.6949963616630285E-003
 -0.47836902881215021      -0.87815891060406615        0.0000000000000000        9.6949963616630285E-003
  0.87815891060406615       0.47836902881215021        0.0000000000000000        9.6949963616630285E-003
 -0.87815891060406615       0.47836902881215021        0.0000000000000000        9.6949963616630285E-003
  0.87815891060406615      -0.47836902881215021        0.0000000000000000        9.6949963616630285E-003
 -0.87815891060406615      -0.47836902881215021        0.0000000000000000        9.6949963616630285E-003
  0.47836902881215021        0.0000000000000000       0.87815891060406615        9.6949963616630285E-003
 -0.47836902881215021        0.0000000000000000       0.87815891060406615        9.6949963616630285E-003
  0.47836902881215021        0.0000000000000000      -0.87815891060406615        9.6949963616630285E-003
 -0.47836902881215021        0.0000000000000000      -0.87815891060406615        9.6949963616630285E-003
  0.87815891060406615        0.0000000000000000       0.47836902881215021        9.6949963616630285E-003
 -0.87815891060406615        0.0000000000000000       0.47836902881215021        9.6949963616630285E-003
  0.87815891060406615        0.0000000000000000      -0.47836902881215021        9.6949963616630285E-003
 -0.87815891060406615        0.0000000000000000      -0.47836902881215021        9.6949963616630285E-003
   0.0000000000000000       0.47836902881215021       0.87815891060406615        9.6949963616630285E-003
   0.0000000000000000      -0.47836902881215021       0.87815891060406615        9.6949963616630285E-003
   0.0000000000000000       0.47836902881215021      -0.87815891060406615        9.6949963616630285E-003
   0.0000000000000000      -0.47836902881215021      -0.87815891060406615        9.6949963616630285E-003
   0.0000000000000000       0.87815891060406615       0.47836902881215021        9.6949963616630285E-003
   0.0000000000000000      -0.87815891060406615       0.47836902881215021        9.6949963616630285E-003
   0.0000000000000000       0.87815891060406615      -0.47836902881215021        9.6949963616630285E-003
   0.0000000000000000      -0.87815891060406615      -0.47836902881215021        9.6949963616630285E-003
